2 0.41388888888888886 0.8229166666666666 0.003703703703703704 0.001388888888888889
2 0.38796296296296295 0.8215277777777777 0.003703703703703704 0.001388888888888889
2 0.36203703703703705 0.8201388888888889 0.003703703703703704 0.001388888888888889
2 0.33564814814814814 0.81875 0.004629629629629629 0.001388888888888889
2 0.30925925925925923 0.8173611111111111 0.003703703703703704 0.001388888888888889
2 0.2833333333333333 0.8159722222222222 0.003703703703703704 0.001388888888888889
2 0.2574074074074074 0.8145833333333333 0.003703703703703704 0.001388888888888889
2 0.26296296296296295 0.7631944444444444 0.020370370370370372 0.02638888888888889
2 0.31574074074074077 0.7444444444444445 0.6314814814814815 0.5083333333333333
2 0.4837962962962963 0.5381944444444444 0.017592592592592594 0.1125
2 0.7037037037037037 0.5354166666666667 0.012962962962962963 0.10972222222222222
2 0.4935185185185185 0.48125 0.001851851851851852 0.001388888888888889
2 0.5972222222222222 0.5326388888888889 0.19444444444444445 0.12083333333333333
2 0.9611111111111111 0.035416666666666666 0.07777777777777778 0.07083333333333333
2 0.6203703703703703 0.4215277777777778 0.7574074074074074 0.8430555555555556