2 0.4023148148148148 0.6090277777777777 0.008333333333333333 0.004166666666666667
2 0.39675925925925926 0.60625 0.000925925925925926 0.001388888888888889
2 0.19212962962962962 0.6736111111111112 0.3287037037037037 0.15555555555555556
2 0.3768518518518518 0.5951388888888889 0.025925925925925925 0.0125
2 0.2953703703703704 0.5868055555555556 0.06851851851851852 0.034722222222222224
2 0.5337962962962963 0.5159722222222223 0.000925925925925926 0.001388888888888889
2 0.43842592592592594 0.5493055555555556 0.18981481481481483 0.06805555555555555
2 0.5347222222222222 0.5118055555555555 0.000925925925925926 0.001388888888888889
2 0.5356481481481481 0.5090277777777777 0.000925925925925926 0.001388888888888889
2 0.5745370370370371 0.4979166666666667 0.000925925925925926 0.001388888888888889
2 0.5625 0.4979166666666667 0.006481481481481481 0.001388888888888889
2 0.5587962962962963 0.4951388888888889 0.000925925925925926 0.001388888888888889
2 0.6134259259259259 0.49166666666666664 0.06574074074074074 0.03333333333333333
2 0.6578703703703703 0.47291666666666665 0.019444444444444445 0.0125
2 0.6694444444444444 0.4638888888888889 0.001851851851851852 0.002777777777777778
2 0.6717592592592593 0.4618055555555556 0.000925925925925926 0.001388888888888889
2 0.7055555555555556 0.44930555555555557 0.05925925925925926 0.04027777777777778
2 0.8212962962962963 0.41458333333333336 0.001851851851851852 0.001388888888888889
2 0.825 0.4131944444444444 0.001851851851851852 0.001388888888888889
2 0.8287037037037037 0.41180555555555554 0.001851851851851852 0.001388888888888889
2 0.8328703703703704 0.41041666666666665 0.000925925925925926 0.001388888888888889
2 0.836574074074074 0.40902777777777777 0.000925925925925926 0.001388888888888889
2 0.8402777777777778 0.4076388888888889 0.000925925925925926 0.001388888888888889
2 0.7782407407407408 0.4284722222222222 0.08055555555555556 0.04861111111111111
2 0.6736111111111112 0.4708333333333333 0.5157407407407407 0.2833333333333333