2 0.8004629629629629 0.8784722222222222 0.000925925925925926 0.001388888888888889
2 0.7231481481481481 0.89375 0.025925925925925925 0.0763888888888889
2 0.7694444444444445 0.8972222222222223 0.03518518518518519 0.08611111111111111
2 0.7611111111111111 0.8194444444444444 0.020370370370370372 0.04722222222222222
2 0.7226851851851852 0.8166666666666667 0.023148148148148147 0.05555555555555555
2 0.6856481481481481 0.8118055555555556 0.023148148148148147 0.06527777777777778
2 0.7736111111111111 0.7354166666666667 0.000925925925925926 0.004166666666666667
2 0.16296296296296298 0.7451388888888889 0.05740740740740741 0.07083333333333333
2 0.7208333333333333 0.7381944444444445 0.025 0.08194444444444444
2 0.6888888888888889 0.7298611111111111 0.018518518518518517 0.07916666666666666
2 0.7111111111111111 0.54375 0.001851851851851852 0.001388888888888889
2 0.7097222222222223 0.5361111111111111 0.000925925925925926 0.002777777777777778
2 0.7078703703703704 0.5173611111111112 0.002777777777777778 0.02361111111111111
2 0.8263888888888888 0.40555555555555556 0.000925925925925926 0.002777777777777778
2 0.8226851851851852 0.40347222222222223 0.000925925925925926 0.001388888888888889
2 0.6726851851851852 0.44375 0.03425925925925926 0.1375
2 0.5703703703703704 0.6791666666666667 0.5740740740740741 0.6416666666666667
2 0.25 0.48333333333333334 0.5 0.30833333333333335
2 0.6782407407407407 0.25625 0.000925925925925926 0.001388888888888889
2 0.4546296296296296 0.3333333333333333 0.9092592592592592 0.5194444444444445