2 0.8282407407407407 0.9256944444444445 0.000925925925925926 0.001388888888888889
2 0.8180555555555555 0.9118055555555555 0.004629629629629629 0.006944444444444444
2 0.8115740740740741 0.8965277777777778 0.000925925925925926 0.001388888888888889
2 0.8106481481481481 0.89375 0.000925925925925926 0.001388888888888889
2 0.8092592592592592 0.8888888888888888 0.001851851851851852 0.005555555555555556
2 0.8078703703703703 0.8833333333333333 0.000925925925925926 0.002777777777777778
2 0.8069444444444445 0.8798611111111111 0.000925925925925926 0.001388888888888889
2 0.8060185185185185 0.8756944444444444 0.000925925925925926 0.001388888888888889
2 0.8050925925925926 0.8729166666666667 0.000925925925925926 0.001388888888888889
2 0.8402777777777778 0.8604166666666667 0.3194444444444444 0.2791666666666667
2 0.1625 0.3854166666666667 0.32314814814814813 0.22361111111111112
2 0.15324074074074073 0.058333333333333334 0.06388888888888888 0.06388888888888888