2 0.24722222222222223 0.7972222222222223 0.06851851851851852 0.019444444444444445
2 0.16342592592592592 0.8020833333333334 0.08796296296296297 0.04861111111111111
2 0.13194444444444445 0.7756944444444445 0.000925925925925926 0.001388888888888889
2 0.1300925925925926 0.7743055555555556 0.000925925925925926 0.001388888888888889
2 0.12824074074074074 0.7729166666666667 0.000925925925925926 0.001388888888888889
2 0.12638888888888888 0.7715277777777778 0.000925925925925926 0.001388888888888889
2 0.12361111111111112 0.76875 0.000925925925925926 0.001388888888888889
2 0.12175925925925926 0.7673611111111112 0.000925925925925926 0.001388888888888889
2 0.11990740740740741 0.7659722222222223 0.000925925925925926 0.001388888888888889
2 0.11805555555555555 0.7645833333333333 0.000925925925925926 0.001388888888888889
2 0.11527777777777778 0.7625 0.002777777777777778 0.002777777777777778
2 0.04953703703703704 0.7631944444444444 0.0787037037037037 0.08194444444444444
2 0.3958333333333333 0.6701388888888888 0.025 0.015277777777777777
2 0.1574074074074074 0.5638888888888889 0.003703703703703704 0.005555555555555556
2 0.1175925925925926 0.5861111111111111 0.05925925925925926 0.07777777777777778
2 0.49027777777777776 0.6409722222222223 0.4601851851851852 0.29583333333333334
2 0.6287037037037037 0.47430555555555554 0.001851851851851852 0.001388888888888889
2 0.6310185185185185 0.47291666666666665 0.000925925925925926 0.001388888888888889
2 0.5541666666666667 0.5152777777777777 0.14537037037037037 0.10833333333333334
2 0.6486111111111111 0.45069444444444445 0.03981481481481482 0.03194444444444444
2 0.6671296296296296 0.3645833333333333 0.000925925925925926 0.001388888888888889
2 0.5935185185185186 0.4131944444444444 0.12407407407407407 0.10416666666666667
2 0.5810185185185185 0.35625 0.006481481481481481 0.009722222222222222
2 0.5314814814814814 0.33125 0.001851851851851852 0.001388888888888889
2 0.5226851851851851 0.32569444444444445 0.013888888888888888 0.009722222222222222
2 0.8462962962962963 0.4173611111111111 0.2851851851851852 0.25972222222222224
2 0.16898148148148148 0.5868055555555556 0.3212962962962963 0.6069444444444444
2 0.725 0.3173611111111111 0.1111111111111111 0.10416666666666667
2 0.7810185185185186 0.25763888888888886 0.000925925925925926 0.001388888888888889
2 0.8148148148148148 0.25069444444444444 0.06296296296296296 0.0125
2 0.4074074074074074 0.3013888888888889 0.15 0.13055555555555556
2 0.8638888888888889 0.2986111111111111 0.2537037037037037 0.19166666666666668