2 0.5699074074074074 0.4618055555555556 0.000925925925925926 0.001388888888888889
2 0.5689814814814815 0.45902777777777776 0.000925925925925926 0.001388888888888889
2 0.7828703703703703 0.4701388888888889 0.03611111111111111 0.06527777777777778
2 0.7856481481481481 0.4354166666666667 0.000925925925925926 0.001388888888888889
2 0.788425925925926 0.4326388888888889 0.000925925925925926 0.001388888888888889
2 0.7916666666666666 0.43125 0.001851851851851852 0.001388888888888889
2 0.7944444444444444 0.42986111111111114 0.001851851851851852 0.001388888888888889
2 0.7958333333333333 0.4270833333333333 0.000925925925925926 0.001388888888888889
2 0.7976851851851852 0.42291666666666666 0.000925925925925926 0.001388888888888889
2 0.8662037037037037 0.40347222222222223 0.2101851851851852 0.17083333333333334
2 0.6060185185185185 0.4173611111111111 0.27685185185185185 0.20694444444444443