2 0.5851851851851851 0.6479166666666667 0.10185185185185185 0.02361111111111111
2 0.5819444444444445 0.46458333333333335 0.09351851851851851 0.020833333333333332
2 0.524537037037037 0.325 0.000925925925925926 0.008333333333333333
2 0.5236111111111111 0.31805555555555554 0.000925925925925926 0.002777777777777778
2 0.5189814814814815 0.3145833333333333 0.000925925925925926 0.001388888888888889
2 0.5199074074074074 0.31180555555555556 0.000925925925925926 0.001388888888888889
2 0.5027777777777778 0.2875 0.001851851851851852 0.002777777777777778
2 0.475 0.2569444444444444 0.04814814814814815 0.05
2 0.4476851851851852 0.2298611111111111 0.000925925925925926 0.001388888888888889
2 0.44675925925925924 0.22569444444444445 0.000925925925925926 0.001388888888888889
2 0.42453703703703705 0.5243055555555556 0.5657407407407408 0.9513888888888888