2 0.625462962962963 0.47638888888888886 0.012037037037037037 0.03333333333333333
2 0.5944444444444444 0.40069444444444446 0.03148148148148148 0.043055555555555555
2 0.5597222222222222 0.9847222222222223 0.030555555555555555 0.030555555555555555
2 0.5634259259259259 0.8493055555555555 0.03611111111111111 0.05138888888888889
2 0.6967592592592593 0.5659722222222222 0.06759259259259259 0.07916666666666666
2 0.75 0.44722222222222224 0.03148148148148148 0.03333333333333333
2 0.6486111111111111 0.3993055555555556 0.05462962962962963 0.04583333333333333
2 0.7564814814814815 0.37083333333333335 0.03888888888888889 0.03888888888888889
2 0.46296296296296297 0.5104166666666666 0.3148148148148148 0.3402777777777778
2 0.836574074074074 0.35555555555555557 0.03981481481481482 0.03888888888888889
2 0.7277777777777777 0.3284722222222222 0.03888888888888889 0.04027777777777778
2 0.6027777777777777 0.27569444444444446 0.03518518518518519 0.04861111111111111
2 0.7310185185185185 0.24722222222222223 0.026851851851851852 0.025