2 0.5837962962962963 0.9222222222222223 0.010185185185185186 0.11944444444444445
2 0.5712962962962963 0.7986111111111112 0.012962962962962963 0.041666666666666664
2 0.5097222222222222 0.7020833333333333 0.12129629629629629 0.03194444444444444
2 0.38101851851851853 0.6659722222222222 0.06759259259259259 0.03194444444444444
2 0.1425925925925926 0.6041666666666666 0.016666666666666666 0.027777777777777776
2 0.12314814814814815 0.5833333333333334 0.012962962962962963 0.011111111111111112
2 0.29768518518518516 0.6069444444444444 0.09722222222222222 0.07222222222222222
2 0.20046296296296295 0.6006944444444444 0.09722222222222222 0.07916666666666666
2 0.10185185185185185 0.5645833333333333 0.022222222222222223 0.020833333333333332
2 0.0763888888888889 0.54375 0.021296296296296296 0.018055555555555554
2 0.03888888888888889 0.5083333333333333 0.009259259259259259 0.008333333333333333
2 0.014814814814814815 0.4826388888888889 0.02962962962962963 0.04583333333333333
2 0.7856481481481481 0.3798611111111111 0.4287037037037037 0.7513888888888889