2 0.5921296296296297 0.8868055555555555 0.3138888888888889 0.22361111111111112
2 0.8342592592592593 0.8486111111111111 0.2074074074074074 0.24444444444444444
2 0.8481481481481481 0.8076388888888889 0.3037037037037037 0.38472222222222224
2 0.45092592592592595 0.3326388888888889 0.5092592592592593 0.6652777777777777
2 0.9171296296296296 0.8340277777777778 0.06759259259259259 0.09027777777777778
2 0.6875 0.5104166666666666 0.000925925925925926 0.001388888888888889
2 0.6884259259259259 0.5020833333333333 0.000925925925925926 0.001388888888888889
2 0.6893518518518519 0.48541666666666666 0.000925925925925926 0.001388888888888889
2 0.7574074074074074 0.6138888888888889 0.14444444444444443 0.26666666666666666
2 0.5893518518518519 0.43680555555555556 0.026851851851851852 0.043055555555555555
2 0.46944444444444444 0.42430555555555555 0.053703703703703705 0.02638888888888889
2 0.39814814814814814 0.4013888888888889 0.07222222222222222 0.06111111111111111
2 0.5810185185185185 0.3909722222222222 0.03611111111111111 0.04861111111111111