2 0.5921296296296297 0.7263888888888889 0.000925925925925926 0.008333333333333333
2 0.5930555555555556 0.7131944444444445 0.000925925925925926 0.004166666666666667
2 0.49953703703703706 0.70625 0.010185185185185186 0.001388888888888889
2 0.5296296296296297 0.7020833333333333 0.003703703703703704 0.001388888888888889
2 0.537962962962963 0.6979166666666666 0.009259259259259259 0.006944444444444444
2 0.5439814814814815 0.69375 0.000925925925925926 0.001388888888888889
2 0.5458333333333333 0.6923611111111111 0.000925925925925926 0.001388888888888889
2 0.6078703703703704 0.6555555555555556 0.019444444444444445 0.03333333333333333
2 0.33101851851851855 0.6145833333333334 0.000925925925925926 0.001388888888888889
2 0.3300925925925926 0.6090277777777777 0.000925925925925926 0.001388888888888889
2 0.6819444444444445 0.6583333333333333 0.20277777777777778 0.34444444444444444
2 0.5143518518518518 0.3701388888888889 0.6898148148148148 0.4708333333333333