2 0.9657407407407408 0.37222222222222223 0.06851851851851852 0.25833333333333336
2 0.3902777777777778 0.9923611111111111 0.000925925925925926 0.001388888888888889
2 0.38935185185185184 0.9798611111111111 0.000925925925925926 0.001388888888888889
2 0.38842592592592595 0.96875 0.000925925925925926 0.001388888888888889
2 0.3875 0.95625 0.000925925925925926 0.001388888888888889
2 0.38657407407407407 0.9430555555555555 0.000925925925925926 0.002777777777777778
2 0.38564814814814813 0.9298611111111111 0.000925925925925926 0.006944444444444444
2 0.3837962962962963 0.9118055555555555 0.002777777777777778 0.02361111111111111
2 0.3819444444444444 0.8958333333333334 0.000925925925925926 0.005555555555555556
2 0.38101851851851853 0.8875 0.000925925925925926 0.005555555555555556
2 0.3800925925925926 0.8798611111111111 0.000925925925925926 0.004166666666666667
2 0.37916666666666665 0.8722222222222222 0.000925925925925926 0.002777777777777778
2 0.37824074074074077 0.8638888888888889 0.000925925925925926 0.002777777777777778
2 0.3773148148148148 0.8569444444444444 0.000925925925925926 0.002777777777777778
2 0.3763888888888889 0.8493055555555555 0.000925925925925926 0.001388888888888889
2 0.37546296296296294 0.8409722222222222 0.000925925925925926 0.001388888888888889
2 0.37453703703703706 0.8340277777777778 0.000925925925925926 0.001388888888888889
2 0.36157407407407405 0.75625 0.000925925925925926 0.001388888888888889
2 0.3597222222222222 0.7465277777777778 0.000925925925925926 0.001388888888888889
2 0.35694444444444445 0.6944444444444444 0.004629629629629629 0.05
2 0.5972222222222222 0.5 0.8055555555555556 1.0