2 0.3189814814814815 0.90625 0.03981481481481482 0.1875
2 0.44722222222222224 0.7847222222222222 0.1537037037037037 0.10555555555555556
2 0.23287037037037037 0.7333333333333333 0.1787037037037037 0.10833333333333334
2 0.525 0.6840277777777778 0.009259259259259259 0.06527777777777778
2 0.4666666666666667 0.66875 0.13518518518518519 0.1486111111111111
2 0.41898148148148145 0.6388888888888888 0.08611111111111111 0.14722222222222223
2 0.5888888888888889 0.5756944444444444 0.09259259259259259 0.0375
2 0.0375 0.5798611111111112 0.075 0.08194444444444444
2 0.9578703703703704 0.5465277777777777 0.08425925925925926 0.0763888888888889
2 0.23425925925925925 0.5652777777777778 0.21296296296296297 0.225
2 0.38981481481481484 0.44166666666666665 0.1 0.03611111111111111
2 0.9435185185185185 0.20277777777777778 0.06111111111111111 0.325
2 0.9703703703703703 0.013194444444444444 0.007407407407407408 0.02638888888888889
2 0.36018518518518516 0.7597222222222222 0.08333333333333333 0.11666666666666667
2 0.10324074074074074 0.6444444444444445 0.06018518518518518 0.058333333333333334
2 0.774537037037037 0.47430555555555554 0.2898148148148148 0.22083333333333333
2 0.4888888888888889 0.2986111111111111 0.11851851851851852 0.5972222222222222