2 0.21203703703703702 0.9479166666666666 0.018518518518518517 0.059722222222222225
2 0.21666666666666667 0.8916666666666667 0.014814814814814815 0.041666666666666664
2 0.25092592592592594 0.8263888888888888 0.009259259259259259 0.030555555555555555
2 0.274537037037037 0.7631944444444444 0.041666666666666664 0.09305555555555556
2 0.4185185185185185 0.32013888888888886 0.027777777777777776 0.13194444444444445
2 0.5523148148148148 0.2375 0.06574074074074074 0.13055555555555556
2 0.2023148148148148 0.9909722222222223 0.012037037037037037 0.018055555555555554
2 0.2412037037037037 0.8611111111111112 0.04351851851851852 0.05277777777777778
2 0.6148148148148148 0.4409722222222222 0.003703703703703704 0.009722222222222222
2 0.6097222222222223 0.41458333333333336 0.000925925925925926 0.001388888888888889
2 0.45555555555555555 0.5659722222222222 0.34629629629629627 0.4013888888888889
2 0.5337962962962963 0.35 0.002777777777777778 0.002777777777777778
2 0.5537037037037037 0.33819444444444446 0.005555555555555556 0.004166666666666667
2 0.5861111111111111 0.35694444444444445 0.046296296296296294 0.1111111111111111
2 0.4111111111111111 0.31875 0.016666666666666666 0.0375
2 0.41574074074074074 0.30972222222222223 0.012962962962962963 0.03611111111111111
2 0.5194444444444445 0.14791666666666667 0.020370370370370372 0.05416666666666667