2 0.27175925925925926 0.91875 0.000925925925925926 0.001388888888888889
2 0.275 0.9173611111111111 0.001851851851851852 0.001388888888888889
2 0.2689814814814815 0.9173611111111111 0.002777777777777778 0.006944444444444444
2 0.2439814814814815 0.9118055555555555 0.000925925925925926 0.004166666666666667
2 0.2449074074074074 0.9055555555555556 0.000925925925925926 0.005555555555555556
2 0.2638888888888889 0.9027777777777778 0.005555555555555556 0.011111111111111112
2 0.26805555555555555 0.8965277777777778 0.000925925925925926 0.001388888888888889
2 0.24583333333333332 0.8965277777777778 0.000925925925925926 0.001388888888888889
2 0.27546296296296297 0.89375 0.002777777777777778 0.001388888888888889
2 0.2810185185185185 0.8923611111111112 0.002777777777777778 0.001388888888888889
2 0.4148148148148148 0.89375 0.4185185185185185 0.2125
2 0.5768518518518518 0.4201388888888889 0.007407407407407408 0.001388888888888889
2 0.5583333333333333 0.41875 0.003703703703703704 0.001388888888888889
2 0.5458333333333333 0.4173611111111111 0.006481481481481481 0.001388888888888889
2 0.8013888888888889 0.10694444444444444 0.006481481481481481 0.005555555555555556
2 0.787962962962963 0.10277777777777777 0.018518518518518517 0.005555555555555556
2 0.6925925925925925 0.41875 0.4166666666666667 0.6513888888888889
2 0.8337962962962963 0.10208333333333333 0.05648148148148148 0.02361111111111111
2 0.4912037037037037 0.09097222222222222 0.013888888888888888 0.0125
2 0.5333333333333333 0.075 0.009259259259259259 0.002777777777777778
2 0.5259259259259259 0.07291666666666667 0.001851851851851852 0.001388888888888889
2 0.5166666666666667 0.07430555555555556 0.003703703703703704 0.006944444444444444
2 0.6578703703703703 0.07083333333333333 0.23425925925925925 0.06944444444444445