2 0.5398148148148149 0.7527777777777778 0.005555555555555556 0.044444444444444446
2 0.5199074074074074 0.6305555555555555 0.041666666666666664 0.21388888888888888
2 0.6125 0.46597222222222223 0.000925925925925926 0.001388888888888889
2 0.6097222222222223 0.46319444444444446 0.000925925925925926 0.001388888888888889
2 0.6083333333333333 0.44166666666666665 0.001851851851851852 0.002777777777777778
2 0.5986111111111111 0.37083333333333335 0.01574074074074074 0.06944444444444445
2 0.5967592592592592 0.33402777777777776 0.000925925925925926 0.001388888888888889
2 0.5958333333333333 0.33125 0.000925925925925926 0.001388888888888889
2 0.6018518518518519 0.3125 0.007407407407407408 0.019444444444444445
2 0.5995370370370371 0.2520833333333333 0.006481481481481481 0.015277777777777777
2 0.5986111111111111 0.24097222222222223 0.000925925925925926 0.001388888888888889
2 0.5967592592592592 0.21736111111111112 0.000925925925925926 0.001388888888888889
2 0.5837962962962963 0.2048611111111111 0.025 0.020833333333333332
2 0.5699074074074074 0.19375 0.000925925925925926 0.001388888888888889
2 0.5680555555555555 0.19236111111111112 0.000925925925925926 0.001388888888888889
2 0.5662037037037037 0.1909722222222222 0.000925925925925926 0.001388888888888889
2 0.5643518518518519 0.18958333333333333 0.000925925925925926 0.001388888888888889
2 0.5625 0.18819444444444444 0.000925925925925926 0.001388888888888889
2 0.5263888888888889 0.5069444444444444 0.27314814814814814 0.6444444444444445