2 0.8027777777777778 0.9951388888888889 0.003703703703703704 0.006944444444444444
2 0.5287037037037037 0.9715277777777778 0.005555555555555556 0.018055555555555554
2 0.5254629629629629 0.9604166666666667 0.000925925925925926 0.001388888888888889
2 0.524537037037037 0.9576388888888889 0.000925925925925926 0.001388888888888889
2 0.5236111111111111 0.9548611111111112 0.000925925925925926 0.001388888888888889
2 0.5226851851851851 0.9520833333333333 0.000925925925925926 0.001388888888888889
2 0.5208333333333334 0.9451388888888889 0.000925925925925926 0.001388888888888889
2 0.5138888888888888 0.9208333333333333 0.012962962962962963 0.044444444444444446
2 0.5208333333333334 0.8965277777777778 0.000925925925925926 0.001388888888888889
2 0.5226851851851851 0.8854166666666666 0.000925925925925926 0.001388888888888889
2 0.5060185185185185 0.7798611111111111 0.000925925925925926 0.001388888888888889
2 0.5050925925925925 0.7743055555555556 0.000925925925925926 0.001388888888888889
2 0.5041666666666667 0.7694444444444445 0.000925925925925926 0.002777777777777778
2 0.5032407407407408 0.7638888888888888 0.000925925925925926 0.002777777777777778
2 0.5023148148148148 0.7590277777777777 0.000925925925925926 0.004166666666666667
2 0.49583333333333335 0.725 0.012037037037037037 0.06111111111111111
2 0.48935185185185187 0.6916666666666667 0.000925925925925926 0.002777777777777778
2 0.48842592592592593 0.6868055555555556 0.000925925925925926 0.001388888888888889
2 0.4875 0.6826388888888889 0.000925925925925926 0.001388888888888889
2 0.4810185185185185 0.6465277777777778 0.000925925925925926 0.001388888888888889
2 0.48009259259259257 0.6416666666666667 0.000925925925925926 0.002777777777777778
2 0.4791666666666667 0.6368055555555555 0.000925925925925926 0.001388888888888889
2 0.4671296296296296 0.5715277777777777 0.000925925925925926 0.001388888888888889
2 0.46620370370370373 0.5652777777777778 0.000925925925925926 0.002777777777777778
2 0.4652777777777778 0.5597222222222222 0.000925925925925926 0.002777777777777778
2 0.46435185185185185 0.5548611111111111 0.000925925925925926 0.004166666666666667
2 0.4583333333333333 0.5215277777777778 0.011111111111111112 0.059722222222222225
2 0.4513888888888889 0.48333333333333334 0.002777777777777778 0.013888888888888888
2 0.4444444444444444 0.44583333333333336 0.011111111111111112 0.058333333333333334
2 0.4393518518518518 0.40069444444444446 0.000925925925925926 0.006944444444444444
2 0.43333333333333335 0.3625 0.011111111111111112 0.027777777777777776
2 0.4273148148148148 0.34097222222222223 0.000925925925925926 0.009722222222222222
2 0.4263888888888889 0.3263888888888889 0.000925925925925926 0.005555555555555556
2 0.425 0.3020833333333333 0.001851851851851852 0.020833333333333332
2 0.41712962962962963 0.27152777777777776 0.006481481481481481 0.018055555555555554
2 0.4162037037037037 0.25833333333333336 0.000925925925925926 0.002777777777777778
2 0.4162037037037037 0.2513888888888889 0.000925925925925926 0.002777777777777778
2 0.4152777777777778 0.24722222222222223 0.000925925925925926 0.002777777777777778
2 0.41435185185185186 0.24305555555555555 0.000925925925925926 0.002777777777777778
2 0.4134259259259259 0.2388888888888889 0.000925925925925926 0.002777777777777778
2 0.4111111111111111 0.22847222222222222 0.003703703703703704 0.015277777777777777
2 0.4060185185185185 0.18819444444444444 0.000925925925925926 0.006944444444444444
2 0.6833333333333333 0.15625 0.001851851851851852 0.001388888888888889
2 0.6699074074074074 0.14097222222222222 0.019444444444444445 0.03194444444444444
2 0.8444444444444444 0.5 0.3111111111111111 1.0
2 0.5875 0.49930555555555556 0.36574074074074076 0.9986111111111111
2 0.33935185185185185 0.09097222222222222 0.13240740740740742 0.18194444444444444