2 0.6972222222222222 0.9868055555555556 0.003703703703703704 0.001388888888888889
2 0.6921296296296297 0.9854166666666667 0.000925925925925926 0.001388888888888889
2 0.8148148148148148 0.9888888888888889 0.014814814814814815 0.013888888888888888
2 0.6842592592592592 0.9819444444444444 0.009259259259259259 0.005555555555555556
2 0.7787037037037037 0.9791666666666666 0.009259259259259259 0.002777777777777778
2 0.6782407407407407 0.9784722222222222 0.000925925925925926 0.001388888888888889
2 0.7925925925925926 0.9770833333333333 0.001851851851851852 0.001388888888888889
2 0.6763888888888889 0.9770833333333333 0.000925925925925926 0.001388888888888889
2 0.7337962962962963 0.9868055555555556 0.06759259259259259 0.02361111111111111
2 0.6680555555555555 0.9666666666666667 0.008333333333333333 0.013888888888888888
2 0.663425925925926 0.9118055555555555 0.019444444444444445 0.08194444444444444
2 0.6513888888888889 0.8493055555555555 0.012037037037037037 0.018055555555555554
2 0.5805555555555556 0.8298611111111112 0.003703703703703704 0.001388888888888889
2 0.5898148148148148 0.8284722222222223 0.007407407407407408 0.001388888888888889
2 0.5976851851851852 0.8270833333333333 0.004629629629629629 0.001388888888888889
2 0.6074074074074074 0.8256944444444444 0.001851851851851852 0.001388888888888889
2 0.6171296296296296 0.8243055555555555 0.000925925925925926 0.001388888888888889
2 0.638425925925926 0.83125 0.012037037037037037 0.018055555555555554
2 0.5745370370370371 0.8034722222222223 0.021296296296296296 0.04861111111111111
2 0.5625 0.7756944444444445 0.000925925925925926 0.001388888888888889
2 0.5597222222222222 0.7729166666666667 0.002777777777777778 0.004166666666666667
2 0.5564814814814815 0.7694444444444445 0.001851851851851852 0.002777777777777778
2 0.5527777777777778 0.7652777777777777 0.001851851851851852 0.002777777777777778
2 0.55 0.7625 0.001851851851851852 0.002777777777777778
2 0.5476851851851852 0.7604166666666666 0.000925925925925926 0.001388888888888889
2 0.5351851851851852 0.7534722222222222 0.001851851851851852 0.001388888888888889
2 0.5222222222222223 0.7472222222222222 0.018518518518518517 0.030555555555555555
2 0.5185185185185185 0.7145833333333333 0.001851851851851852 0.004166666666666667
2 0.5143518518518518 0.7118055555555556 0.002777777777777778 0.001388888888888889
2 0.5037037037037037 0.7118055555555556 0.001851851851851852 0.001388888888888889
2 0.5078703703703704 0.7104166666666667 0.004629629629629629 0.001388888888888889
2 0.42407407407407405 0.7034722222222223 0.005555555555555556 0.001388888888888889
2 0.4625 0.6979166666666666 0.000925925925925926 0.001388888888888889
2 0.45416666666666666 0.6965277777777777 0.002777777777777778 0.001388888888888889
2 0.37546296296296294 0.6965277777777777 0.000925925925925926 0.001388888888888889
2 0.44722222222222224 0.6951388888888889 0.001851851851851852 0.001388888888888889
2 0.37175925925925923 0.6951388888888889 0.000925925925925926 0.001388888888888889
2 0.3685185185185185 0.69375 0.001851851851851852 0.001388888888888889
2 0.36527777777777776 0.6923611111111111 0.002777777777777778 0.001388888888888889
2 0.36018518518518516 0.6902777777777778 0.005555555555555556 0.002777777777777778
2 0.35555555555555557 0.6881944444444444 0.001851851851851852 0.001388888888888889
2 0.3527777777777778 0.6868055555555556 0.001851851851851852 0.001388888888888889
2 0.3490740740740741 0.6854166666666667 0.001851851851851852 0.001388888888888889
2 0.34629629629629627 0.6840277777777778 0.001851851851851852 0.001388888888888889
2 0.34305555555555556 0.6826388888888889 0.000925925925925926 0.001388888888888889
2 0.31203703703703706 0.6701388888888888 0.011111111111111112 0.018055555555555554
2 0.2972222222222222 0.6534722222222222 0.001851851851851852 0.001388888888888889
2 0.2935185185185185 0.6513888888888889 0.003703703703703704 0.002777777777777778
2 0.27037037037037037 0.61875 0.040740740740740744 0.0625
2 0.24768518518518517 0.5868055555555556 0.000925925925925926 0.001388888888888889
2 0.2439814814814815 0.5854166666666667 0.000925925925925926 0.001388888888888889
2 0.5643518518518519 0.6326388888888889 0.7527777777777778 0.6819444444444445