2 0.0587962962962963 0.4597222222222222 0.000925925925925926 0.002777777777777778
2 0.07268518518518519 0.4576388888888889 0.002777777777777778 0.004166666666666667
2 0.06342592592592593 0.4548611111111111 0.000925925925925926 0.001388888888888889
2 0.06898148148148148 0.4534722222222222 0.000925925925925926 0.001388888888888889
2 0.2875 0.43819444444444444 0.017592592592592594 0.006944444444444444
2 0.6129629629629629 0.3458333333333333 0.005555555555555556 0.019444444444444445
2 0.3527777777777778 0.3263888888888889 0.009259259259259259 0.005555555555555556
2 0.6467592592592593 0.2923611111111111 0.000925925925925926 0.001388888888888889
2 0.41388888888888886 0.31666666666666665 0.13148148148148148 0.2111111111111111
2 0.5671296296296297 0.3215277777777778 0.14722222222222223 0.24583333333333332
2 0.37592592592592594 0.23402777777777778 0.07407407407407407 0.0763888888888889
2 0.0912037037037037 0.31527777777777777 0.16574074074074074 0.2388888888888889
2 0.500462962962963 0.40625 0.9990740740740741 0.8041666666666667