2 0.4425925925925926 0.10902777777777778 0.009259259259259259 0.029166666666666667
2 0.4097222222222222 0.09791666666666667 0.012037037037037037 0.05694444444444444
2 0.43657407407407406 0.035416666666666666 0.01574074074074074 0.0625
2 0.41898148148148145 0.034722222222222224 0.010185185185185186 0.06666666666666667
2 0.5277777777777778 0.40347222222222223 0.001851851851851852 0.001388888888888889
2 0.5199074074074074 0.40069444444444446 0.000925925925925926 0.001388888888888889
2 0.5180555555555556 0.3993055555555556 0.000925925925925926 0.001388888888888889
2 0.5162037037037037 0.39791666666666664 0.000925925925925926 0.001388888888888889
2 0.5143518518518518 0.39652777777777776 0.000925925925925926 0.001388888888888889
2 0.5125 0.3951388888888889 0.000925925925925926 0.001388888888888889
2 0.6305555555555555 0.4708333333333333 0.737037037037037 0.9416666666666667