2 0.5712962962962963 0.875 0.007407407407407408 0.04722222222222222
2 0.5745370370370371 0.8354166666666667 0.004629629629629629 0.018055555555555554
2 0.5796296296296296 0.7645833333333333 0.012962962962962963 0.12083333333333333
2 0.5828703703703704 0.6722222222222223 0.008333333333333333 0.03611111111111111
2 0.5921296296296297 0.5263888888888889 0.032407407407407406 0.25277777777777777
2 0.22314814814814815 0.28680555555555554 0.14444444444444443 0.03194444444444444
2 0.3333333333333333 0.2569444444444444 0.07407407407407407 0.025
2 0.44907407407407407 0.21944444444444444 0.1537037037037037 0.06944444444444445
2 0.7657407407407407 0.2513888888888889 0.4685185185185185 0.3
2 0.5430555555555555 0.07361111111111111 0.06574074074074074 0.09166666666666666
2 0.5018518518518519 0.013194444444444444 0.016666666666666666 0.02638888888888889