2 0.6763888888888889 0.35208333333333336 0.000925925925925926 0.001388888888888889
2 0.6893518518518519 0.33819444444444446 0.000925925925925926 0.001388888888888889
2 0.6875 0.33402777777777776 0.000925925925925926 0.001388888888888889
2 0.6837962962962963 0.32708333333333334 0.004629629629629629 0.009722222222222222
2 0.6875 0.31319444444444444 0.000925925925925926 0.001388888888888889
2 0.6893518518518519 0.31180555555555556 0.000925925925925926 0.001388888888888889
2 0.6912037037037037 0.3104166666666667 0.000925925925925926 0.001388888888888889
2 0.6944444444444444 0.3090277777777778 0.001851851851851852 0.001388888888888889
2 0.7513888888888889 0.3020833333333333 0.004629629629629629 0.001388888888888889
2 0.8486111111111111 0.30069444444444443 0.000925925925925926 0.001388888888888889
2 0.7458333333333333 0.29930555555555555 0.004629629629629629 0.009722222222222222
2 0.7273148148148149 0.2923611111111111 0.000925925925925926 0.001388888888888889
2 0.6578703703703703 0.5375 0.5824074074074074 0.5
2 0.8541666666666666 0.2701388888888889 0.004629629629629629 0.006944444444444444
2 0.8314814814814815 0.24861111111111112 0.001851851851851852 0.002777777777777778
2 0.8351851851851851 0.24444444444444444 0.001851851851851852 0.002777777777777778
2 0.8467592592592592 0.2423611111111111 0.000925925925925926 0.001388888888888889