2 0.31203703703703706 0.4 0.011111111111111112 0.044444444444444446
2 0.3125 0.37569444444444444 0.000925925925925926 0.001388888888888889
2 0.3138888888888889 0.37222222222222223 0.001851851851851852 0.002777777777777778
2 0.31527777777777777 0.36875 0.000925925925925926 0.001388888888888889
2 0.31712962962962965 0.3645833333333333 0.000925925925925926 0.001388888888888889
2 0.31805555555555554 0.36180555555555555 0.000925925925925926 0.001388888888888889
2 0.3199074074074074 0.3576388888888889 0.000925925925925926 0.001388888888888889
2 0.32175925925925924 0.35347222222222224 0.000925925925925926 0.001388888888888889
2 0.324537037037037 0.34652777777777777 0.000925925925925926 0.001388888888888889
2 0.33240740740740743 0.3284722222222222 0.009259259259259259 0.020833333333333332
2 0.3375 0.3055555555555556 0.000925925925925926 0.005555555555555556
2 0.44722222222222224 0.4548611111111111 0.36666666666666664 0.5152777777777777