2 0.45046296296296295 0.5895833333333333 0.000925925925925926 0.001388888888888889
2 0.4513888888888889 0.5826388888888889 0.000925925925925926 0.001388888888888889
2 0.45231481481481484 0.5763888888888888 0.000925925925925926 0.002777777777777778
2 0.4532407407407407 0.5701388888888889 0.000925925925925926 0.004166666666666667
2 0.45416666666666666 0.5645833333333333 0.000925925925925926 0.004166666666666667
2 0.4550925925925926 0.5590277777777778 0.000925925925925926 0.004166666666666667
2 0.45601851851851855 0.5541666666666667 0.000925925925925926 0.002777777777777778
2 0.45694444444444443 0.5486111111111112 0.000925925925925926 0.002777777777777778
2 0.45787037037037037 0.54375 0.000925925925925926 0.001388888888888889
2 0.4615740740740741 0.5229166666666667 0.002777777777777778 0.0125
2 0.5569444444444445 0.41458333333333336 0.2324074074074074 0.8291666666666667