2 0.8138888888888889 0.75 0.003703703703703704 0.002777777777777778
2 0.8106481481481481 0.7479166666666667 0.000925925925925926 0.001388888888888889
2 0.8087962962962963 0.7465277777777778 0.000925925925925926 0.001388888888888889
2 0.8041666666666667 0.74375 0.000925925925925926 0.001388888888888889
2 0.5 0.8576388888888888 1.0 0.2847222222222222
2 0.7606481481481482 0.7090277777777778 0.000925925925925926 0.001388888888888889
2 0.7550925925925925 0.7076388888888889 0.002777777777777778 0.001388888888888889
2 0.75 0.70625 0.003703703703703704 0.001388888888888889
2 0.6402777777777777 0.69375 0.000925925925925926 0.001388888888888889
2 0.638425925925926 0.6923611111111111 0.000925925925925926 0.001388888888888889
2 0.6365740740740741 0.6909722222222222 0.000925925925925926 0.001388888888888889
2 0.6347222222222222 0.6895833333333333 0.000925925925925926 0.001388888888888889
2 0.6328703703703704 0.6881944444444444 0.000925925925925926 0.001388888888888889
2 0.6310185185185185 0.6868055555555556 0.000925925925925926 0.001388888888888889
2 0.625462962962963 0.6847222222222222 0.008333333333333333 0.002777777777777778
2 0.6041666666666666 0.6840277777777778 0.000925925925925926 0.001388888888888889
2 0.6106481481481482 0.6826388888888889 0.000925925925925926 0.001388888888888889
2 0.6074074074074074 0.6819444444444445 0.003703703703703704 0.002777777777777778
2 0.6944444444444444 0.6923611111111111 0.10555555555555556 0.034722222222222224
2 0.30277777777777776 0.5951388888888889 0.6055555555555555 0.18472222222222223