2 0.4773148148148148 0.8152777777777778 0.000925925925925926 0.005555555555555556
2 0.47453703703703703 0.5388888888888889 0.000925925925925926 0.005555555555555556
2 0.4393518518518518 0.46944444444444444 0.000925925925925926 0.002777777777777778
2 0.4773148148148148 0.4076388888888889 0.000925925925925926 0.004166666666666667
2 0.47824074074074074 0.36666666666666664 0.000925925925925926 0.002777777777777778
2 0.4777777777777778 0.34791666666666665 0.001851851851851852 0.006944444444444444
2 0.47638888888888886 0.3423611111111111 0.000925925925925926 0.001388888888888889
2 0.6481481481481481 0.39375 0.1259259259259259 0.15694444444444444
2 0.4791666666666667 0.30416666666666664 0.000925925925925926 0.005555555555555556
2 0.48009259259259257 0.28125 0.000925925925925926 0.009722222222222222
2 0.4810185185185185 0.2590277777777778 0.000925925925925926 0.0125
2 0.40879629629629627 0.5104166666666666 0.14907407407407408 0.9791666666666666