3 0.41759259259259257 0.4756944444444444 0.011111111111111112 0.020833333333333332
3 0.42453703703703705 0.4618055555555556 0.000925925925925926 0.001388888888888889
3 0.43194444444444446 0.4340277777777778 0.01574074074074074 0.05138888888888889
3 0.43842592592592594 0.40625 0.000925925925925926 0.001388888888888889
3 0.4361111111111111 0.4013888888888889 0.001851851851851852 0.002777777777777778
3 0.43333333333333335 0.3958333333333333 0.001851851851851852 0.002777777777777778
3 0.43194444444444446 0.3923611111111111 0.000925925925925926 0.001388888888888889
3 0.43796296296296294 0.35 0.011111111111111112 0.044444444444444446
3 0.44212962962962965 0.2763888888888889 0.002777777777777778 0.005555555555555556
3 0.44351851851851853 0.22916666666666666 0.020370370370370372 0.07222222222222222
3 0.45555555555555555 0.4618055555555556 0.21666666666666667 0.5736111111111111