3 0.4675925925925926 0.6729166666666667 0.11851851851851852 0.1125
3 0.42916666666666664 0.5548611111111111 0.000925925925925926 0.001388888888888889
3 0.43842592592592594 0.5534722222222223 0.000925925925925926 0.001388888888888889
3 0.44722222222222224 0.5520833333333334 0.001851851851851852 0.001388888888888889
3 0.4236111111111111 0.5520833333333334 0.000925925925925926 0.001388888888888889
3 0.4564814814814815 0.5506944444444445 0.001851851851851852 0.001388888888888889
3 0.4652777777777778 0.5493055555555556 0.002777777777777778 0.001388888888888889
3 0.4740740740740741 0.5479166666666667 0.001851851851851852 0.001388888888888889
3 0.4824074074074074 0.5465277777777777 0.001851851851851852 0.001388888888888889
3 0.49953703703703706 0.54375 0.000925925925925926 0.001388888888888889
3 0.5092592592592593 0.5423611111111111 0.001851851851851852 0.001388888888888889
3 0.5185185185185185 0.5409722222222222 0.003703703703703704 0.001388888888888889
3 0.5282407407407408 0.5395833333333333 0.004629629629629629 0.001388888888888889
3 0.5370370370370371 0.5381944444444444 0.005555555555555556 0.001388888888888889
3 0.5462962962962963 0.5368055555555555 0.005555555555555556 0.001388888888888889
3 0.5550925925925926 0.5354166666666667 0.004629629629629629 0.001388888888888889
3 0.5638888888888889 0.5340277777777778 0.005555555555555556 0.001388888888888889
3 0.5726851851851852 0.5326388888888889 0.004629629629629629 0.001388888888888889
3 0.5814814814814815 0.53125 0.005555555555555556 0.001388888888888889
3 0.5902777777777778 0.5298611111111111 0.004629629629629629 0.001388888888888889
3 0.5976851851851852 0.5284722222222222 0.002777777777777778 0.001388888888888889
3 0.649537037037037 0.5201388888888889 0.000925925925925926 0.001388888888888889
3 0.6587962962962963 0.51875 0.000925925925925926 0.001388888888888889
3 0.7819444444444444 0.49930555555555556 0.000925925925925926 0.001388888888888889
3 0.7916666666666666 0.4979166666666667 0.001851851851851852 0.001388888888888889
3 0.8013888888888889 0.4965277777777778 0.004629629629629629 0.001388888888888889
3 0.8111111111111111 0.4951388888888889 0.005555555555555556 0.001388888888888889
3 0.8199074074074074 0.49375 0.006481481481481481 0.001388888888888889
3 0.8291666666666667 0.49236111111111114 0.006481481481481481 0.001388888888888889
3 0.8379629629629629 0.4909722222222222 0.007407407407407408 0.001388888888888889
3 0.8472222222222222 0.4895833333333333 0.007407407407407408 0.001388888888888889
3 0.8555555555555555 0.48819444444444443 0.007407407407407408 0.001388888888888889
3 0.8643518518518518 0.48680555555555555 0.006481481481481481 0.001388888888888889
3 0.8722222222222222 0.48541666666666666 0.005555555555555556 0.001388888888888889
3 0.8810185185185185 0.4840277777777778 0.004629629629629629 0.001388888888888889
3 0.8902777777777777 0.4826388888888889 0.006481481481481481 0.001388888888888889
3 0.663425925925926 0.5965277777777778 0.5361111111111111 0.36527777777777776