2 0.5916666666666667 0.7416666666666667 0.1537037037037037 0.030555555555555555
2 0.8430555555555556 0.7368055555555556 0.05462962962962963 0.02361111111111111
2 0.9495370370370371 0.7159722222222222 0.10092592592592593 0.02638888888888889
2 0.4046296296296296 0.7118055555555556 0.07592592592592592 0.02638888888888889
2 0.2875 0.44166666666666665 0.05277777777777778 0.21944444444444444
2 0.2657407407407407 0.17708333333333334 0.04814814814814815 0.16527777777777777
2 0.3013888888888889 0.03819444444444445 0.023148148148148147 0.0763888888888889
3 0.8842592592592593 0.7256944444444444 0.02962962962962963 0.02638888888888889
3 0.7435185185185185 0.7395833333333334 0.1537037037037037 0.06805555555555555
3 0.4837962962962963 0.7194444444444444 0.06574074074074074 0.03611111111111111
3 0.32685185185185184 0.7645833333333333 0.2037037037037037 0.4708333333333333
3 0.16898148148148148 0.17569444444444443 0.24166666666666667 0.35138888888888886