3 0.2013888888888889 0.7868055555555555 0.000925925925925926 0.004166666666666667
3 0.19953703703703704 0.7673611111111112 0.006481481481481481 0.029166666666666667
3 0.17731481481481481 0.6145833333333334 0.000925925925925926 0.001388888888888889
3 0.1763888888888889 0.6034722222222222 0.000925925925925926 0.006944444444444444
3 0.175 0.5923611111111111 0.001851851851851852 0.009722222222222222
3 0.17314814814814813 0.5833333333333334 0.001851851851851852 0.005555555555555556
3 0.17175925925925925 0.5777777777777777 0.000925925925925926 0.002777777777777778
3 0.17083333333333334 0.5743055555555555 0.000925925925925926 0.001388888888888889
3 0.1699074074074074 0.5701388888888889 0.000925925925925926 0.001388888888888889
3 0.16898148148148148 0.5673611111111111 0.000925925925925926 0.001388888888888889
3 0.16805555555555557 0.5604166666666667 0.000925925925925926 0.006944444444444444
3 0.16712962962962963 0.5479166666666667 0.000925925925925926 0.001388888888888889
3 0.16620370370370371 0.5451388888888888 0.000925925925925926 0.001388888888888889
3 0.16527777777777777 0.5409722222222222 0.000925925925925926 0.001388888888888889
3 0.16435185185185186 0.5381944444444444 0.000925925925925926 0.001388888888888889
3 0.16342592592592592 0.5347222222222222 0.000925925925925926 0.002777777777777778
3 0.1625 0.53125 0.000925925925925926 0.001388888888888889
3 0.16157407407407406 0.5263888888888889 0.000925925925925926 0.005555555555555556
3 0.16064814814814815 0.5180555555555556 0.000925925925925926 0.005555555555555556
3 0.1597222222222222 0.5076388888888889 0.000925925925925926 0.004166666666666667
3 0.1587962962962963 0.4979166666666667 0.000925925925925926 0.001388888888888889
3 0.15185185185185185 0.45208333333333334 0.001851851851851852 0.015277777777777777
3 0.15046296296296297 0.4423611111111111 0.000925925925925926 0.001388888888888889
3 0.12129629629629629 0.31319444444444444 0.007407407407407408 0.018055555555555554
3 0.11712962962962963 0.3020833333333333 0.000925925925925926 0.001388888888888889
3 0.11574074074074074 0.2972222222222222 0.001851851851851852 0.005555555555555556
3 0.11435185185185186 0.2923611111111111 0.000925925925925926 0.001388888888888889
3 0.11296296296296296 0.2875 0.001851851851851852 0.005555555555555556
3 0.11157407407407408 0.2826388888888889 0.000925925925925926 0.001388888888888889
3 0.10972222222222222 0.2763888888888889 0.002777777777777778 0.008333333333333333
3 0.10694444444444444 0.26666666666666666 0.002777777777777778 0.008333333333333333
3 0.10416666666666667 0.2569444444444444 0.002777777777777778 0.008333333333333333
3 0.10138888888888889 0.24722222222222223 0.002777777777777778 0.008333333333333333
3 0.09259259259259259 0.23125 0.014814814814814815 0.020833333333333332
3 0.08611111111111111 0.21458333333333332 0.007407407407407408 0.0125
3 0.09259259259259259 0.20277777777777778 0.003703703703703704 0.005555555555555556
3 0.09768518518518518 0.1909722222222222 0.000925925925925926 0.001388888888888889
3 0.09768518518518518 0.1736111111111111 0.000925925925925926 0.011111111111111112
3 0.09861111111111111 0.1638888888888889 0.000925925925925926 0.002777777777777778
3 0.09953703703703703 0.15208333333333332 0.000925925925925926 0.001388888888888889
3 0.09861111111111111 0.14791666666666667 0.000925925925925926 0.001388888888888889
3 0.09768518518518518 0.14375 0.000925925925925926 0.001388888888888889
3 0.5546296296296296 0.5006944444444444 0.8907407407407407 0.9986111111111111
3 0.08472222222222223 0.07152777777777777 0.025 0.14027777777777778
3 0.8953703703703704 0.24791666666666667 0.20925925925925926 0.49583333333333335
3 0.5356481481481481 0.3055555555555556 0.325 0.6111111111111112