2 0.10138888888888889 0.9868055555555556 0.017592592592592594 0.02638888888888889
2 0.13703703703703704 0.9840277777777777 0.012962962962962963 0.03194444444444444
2 0.9587962962962963 0.5729166666666666 0.0824074074074074 0.03194444444444444
2 0.10740740740740741 0.5645833333333333 0.06296296296296296 0.02638888888888889
2 0.799537037037037 0.5555555555555556 0.10092592592592593 0.030555555555555555
2 0.8791666666666667 0.5520833333333334 0.05462962962962963 0.02638888888888889
2 0.25462962962962965 0.5513888888888889 0.05925925925925926 0.03888888888888889
2 0.6893518518518519 0.5604166666666667 0.11574074074074074 0.059722222222222225
2 0.18287037037037038 0.5548611111111111 0.075 0.05416666666666667
2 0.03518518518518519 0.5395833333333333 0.07037037037037037 0.0375
2 0.5712962962962963 0.5375 0.040740740740740744 0.03611111111111111
2 0.44166666666666665 0.56875 0.2 0.09861111111111111
2 0.5319444444444444 0.5083333333333333 0.008333333333333333 0.019444444444444445
2 0.30185185185185187 0.25 0.014814814814814815 0.03611111111111111
2 0.2953703703703704 0.11666666666666667 0.009259259259259259 0.027777777777777776
2 0.28194444444444444 0.04236111111111111 0.012037037037037037 0.05138888888888889
3 0.11342592592592593 0.95 0.041666666666666664 0.03611111111111111
3 0.5 0.5305555555555556 1.0 0.9388888888888889