3 0.3939814814814815 0.9909722222222223 0.000925925925925926 0.001388888888888889
3 0.39305555555555555 0.975 0.000925925925925926 0.002777777777777778
3 0.3921296296296296 0.9597222222222223 0.000925925925925926 0.005555555555555556
3 0.3912037037037037 0.94375 0.000925925925925926 0.006944444444444444
3 0.3902777777777778 0.9284722222222223 0.000925925925925926 0.006944444444444444
3 0.38935185185185184 0.9131944444444444 0.000925925925925926 0.009722222222222222
3 0.38842592592592595 0.8972222222222223 0.000925925925925926 0.011111111111111112
3 0.3875 0.88125 0.000925925925925926 0.0125
3 0.3861111111111111 0.8625 0.001851851851851852 0.022222222222222223
3 0.3837962962962963 0.8506944444444444 0.000925925925925926 0.001388888888888889
3 0.300462962962963 0.8159722222222222 0.03796296296296296 0.0125
3 0.3509259259259259 0.80625 0.012962962962962963 0.02361111111111111
3 0.31805555555555554 0.775 0.03981481481481482 0.058333333333333334
3 0.27361111111111114 0.7180555555555556 0.000925925925925926 0.002777777777777778
3 0.2726851851851852 0.7013888888888888 0.000925925925925926 0.008333333333333333
3 0.5504629629629629 0.75 0.17685185185185184 0.125
3 0.4393518518518518 0.6076388888888888 0.000925925925925926 0.001388888888888889
3 0.26944444444444443 0.6215277777777778 0.005555555555555556 0.14027777777777778
3 0.2662037037037037 0.5388888888888889 0.000925925925925926 0.022222222222222223
3 0.2652777777777778 0.5131944444444444 0.000925925925925926 0.020833333333333332
3 0.26435185185185184 0.4875 0.000925925925925926 0.016666666666666666
3 0.26342592592592595 0.4618055555555556 0.000925925925925926 0.015277777777777777
3 0.2625 0.4361111111111111 0.000925925925925926 0.011111111111111112
3 0.26157407407407407 0.41041666666666665 0.000925925925925926 0.009722222222222222
3 0.26064814814814813 0.3854166666666667 0.000925925925925926 0.006944444444444444
3 0.25972222222222224 0.3590277777777778 0.000925925925925926 0.004166666666666667
3 0.3800925925925926 0.3104166666666667 0.000925925925925926 0.001388888888888889
3 0.3837962962962963 0.3090277777777778 0.000925925925925926 0.001388888888888889
3 0.4217592592592593 0.2923611111111111 0.000925925925925926 0.001388888888888889
3 0.2361111111111111 0.2604166666666667 0.046296296296296294 0.1875
3 0.2125 0.16458333333333333 0.000925925925925926 0.001388888888888889
3 0.21157407407407408 0.16041666666666668 0.000925925925925926 0.001388888888888889
3 0.21064814814814814 0.11736111111111111 0.000925925925925926 0.001388888888888889
3 0.21157407407407408 0.1125 0.000925925925925926 0.005555555555555556
3 0.21064814814814814 0.10277777777777777 0.000925925925925926 0.008333333333333333
3 0.20972222222222223 0.09166666666666666 0.000925925925925926 0.005555555555555556
3 0.3597222222222222 0.1951388888888889 0.03611111111111111 0.23472222222222222
3 0.20879629629629629 0.0798611111111111 0.000925925925925926 0.004166666666666667
3 0.20787037037037037 0.06875 0.000925925925925926 0.001388888888888889
3 0.6361111111111111 0.5 0.7277777777777777 1.0
3 0.2449074074074074 0.041666666666666664 0.025 0.08333333333333333