3 0.44583333333333336 0.9840277777777777 0.000925925925925926 0.001388888888888889
3 0.31157407407407406 0.9569444444444445 0.000925925925925926 0.005555555555555556
3 0.30694444444444446 0.9534722222222223 0.000925925925925926 0.001388888888888889
3 0.2972222222222222 0.9520833333333333 0.001851851851851852 0.001388888888888889
3 0.2875 0.9506944444444444 0.002777777777777778 0.001388888888888889
3 0.2777777777777778 0.9493055555555555 0.003703703703703704 0.001388888888888889
3 0.45416666666666666 0.9381944444444444 0.000925925925925926 0.001388888888888889
3 0.4550925925925926 0.9333333333333333 0.000925925925925926 0.002777777777777778
3 0.45601851851851855 0.9277777777777778 0.000925925925925926 0.002777777777777778
3 0.4583333333333333 0.9145833333333333 0.003703703703703704 0.020833333333333332
3 0.45740740740740743 0.9013888888888889 0.001851851851851852 0.002777777777777778
3 0.45416666666666666 0.8951388888888889 0.000925925925925926 0.001388888888888889
3 0.4449074074074074 0.8423611111111111 0.000925925925925926 0.001388888888888889
3 0.4476851851851852 0.83125 0.000925925925925926 0.001388888888888889
3 0.4486111111111111 0.8284722222222223 0.000925925925925926 0.001388888888888889
3 0.44027777777777777 0.7666666666666667 0.049074074074074076 0.11944444444444445
3 0.41712962962962963 0.70625 0.000925925925925926 0.001388888888888889
3 0.4152777777777778 0.7048611111111112 0.000925925925925926 0.001388888888888889
3 0.20694444444444443 0.7243055555555555 0.41388888888888886 0.4486111111111111
3 0.20046296296296295 0.4951388888888889 0.000925925925925926 0.001388888888888889
3 0.19305555555555556 0.49375 0.004629629629629629 0.001388888888888889
3 0.2199074074074074 0.47847222222222224 0.012037037037037037 0.029166666666666667
3 0.27824074074074073 0.41041666666666665 0.000925925925925926 0.001388888888888889
3 0.2800925925925926 0.40625 0.000925925925925926 0.001388888888888889
3 0.21435185185185185 0.4083333333333333 0.1527777777777778 0.16944444444444445
3 0.15555555555555556 0.275 0.0962962962962963 0.15833333333333333