2 0.6837962962962963 0.7201388888888889 0.025 0.02638888888888889
2 0.7185185185185186 0.6277777777777778 0.04259259259259259 0.03611111111111111
2 0.3236111111111111 0.4576388888888889 0.032407407407407406 0.020833333333333332
2 0.2986111111111111 0.37916666666666665 0.01574074074074074 0.06666666666666667
2 0.6523148148148148 0.3416666666666667 0.01574074074074074 0.022222222222222223
2 0.725462962962963 0.34375 0.12314814814814815 0.06527777777777778
2 0.6578703703703703 0.30833333333333335 0.10277777777777777 0.030555555555555555
2 0.4273148148148148 0.30486111111111114 0.021296296296296296 0.04861111111111111
2 0.5851851851851851 0.28194444444444444 0.09074074074074075 0.03333333333333333
2 0.2689814814814815 0.2791666666666667 0.006481481481481481 0.03611111111111111
2 0.4527777777777778 0.2611111111111111 0.03518518518518519 0.008333333333333333
2 0.4305555555555556 0.2590277777777778 0.005555555555555556 0.004166666666666667
2 0.4217592592592593 0.25555555555555554 0.004629629629629629 0.005555555555555556
2 0.3763888888888889 0.25625 0.008333333333333333 0.02361111111111111
2 0.3851851851851852 0.2388888888888889 0.016666666666666666 0.019444444444444445
2 0.725462962962963 0.21736111111111112 0.023148148148148147 0.0375
2 0.36342592592592593 0.20972222222222223 0.026851851851851852 0.030555555555555555
2 0.7592592592592593 0.16319444444444445 0.046296296296296294 0.06527777777777778
2 0.04675925925925926 0.12291666666666666 0.013888888888888888 0.05138888888888889
2 0.037037037037037035 0.04652777777777778 0.012962962962962963 0.09305555555555556
3 0.7467592592592592 0.47152777777777777 0.013888888888888888 0.018055555555555554
3 0.6944444444444444 0.42291666666666666 0.018518518518518517 0.02638888888888889
3 0.7925925925925926 0.3590277777777778 0.012962962962962963 0.02361111111111111
3 0.06342592592592593 0.23333333333333334 0.030555555555555555 0.16944444444444445
3 0.5949074074074074 0.09930555555555555 0.019444444444444445 0.02638888888888889
3 0.4837962962962963 0.5069444444444444 0.4324074074074074 0.8777777777777778