3 0.000462962962962963 0.6770833333333334 0.000925925925925926 0.059722222222222225
3 0.5995370370370371 0.36041666666666666 0.002777777777777778 0.001388888888888889
3 0.6046296296296296 0.35833333333333334 0.005555555555555556 0.002777777777777778
3 0.6087962962962963 0.35625 0.000925925925925926 0.001388888888888889
3 0.611574074074074 0.3548611111111111 0.000925925925925926 0.001388888888888889
3 0.6671296296296296 0.3215277777777778 0.000925925925925926 0.001388888888888889
3 0.6736111111111112 0.31666666666666665 0.010185185185185186 0.008333333333333333
3 0.6800925925925926 0.31180555555555556 0.000925925925925926 0.001388888888888889
3 0.6819444444444445 0.3104166666666667 0.000925925925925926 0.001388888888888889
3 0.6837962962962963 0.3090277777777778 0.000925925925925926 0.001388888888888889
3 0.5291666666666667 0.3388888888888889 0.1361111111111111 0.075
3 0.49537037037037035 0.5534722222222223 0.9907407407407407 0.5319444444444444
3 0.425 0.30416666666666664 0.02962962962962963 0.03611111111111111
3 0.7328703703703704 0.26458333333333334 0.000925925925925926 0.001388888888888889
3 0.7356481481481482 0.26319444444444445 0.000925925925925926 0.001388888888888889
3 0.7388888888888889 0.26180555555555557 0.001851851851851852 0.001388888888888889
3 0.7416666666666667 0.2604166666666667 0.001851851851851852 0.001388888888888889
3 0.7439814814814815 0.2590277777777778 0.000925925925925926 0.001388888888888889
3 0.7458333333333333 0.25763888888888886 0.000925925925925926 0.001388888888888889
3 0.7777777777777778 0.24791666666666667 0.003703703703703704 0.001388888888888889
3 0.8902777777777777 0.2465277777777778 0.000925925925925926 0.001388888888888889
3 0.8337962962962963 0.24513888888888888 0.017592592592592594 0.001388888888888889
3 0.7930555555555555 0.24583333333333332 0.019444444444444445 0.002777777777777778
3 0.9425925925925925 0.2222222222222222 0.0962962962962963 0.044444444444444446
3 0.1986111111111111 0.37916666666666665 0.3972222222222222 0.4722222222222222