2 0.058333333333333334 0.3333333333333333 0.1037037037037037 0.07777777777777778
3 0.4861111111111111 0.36666666666666664 0.003703703703703704 0.005555555555555556
3 0.48194444444444445 0.35555555555555557 0.002777777777777778 0.002777777777777778
3 0.4791666666666667 0.35347222222222224 0.000925925925925926 0.001388888888888889
3 0.23564814814814813 0.3423611111111111 0.000925925925925926 0.001388888888888889
3 0.23981481481481481 0.34097222222222223 0.001851851851851852 0.001388888888888889
3 0.24259259259259258 0.33958333333333335 0.001851851851851852 0.001388888888888889
3 0.2523148148148148 0.33819444444444446 0.000925925925925926 0.001388888888888889
3 0.24861111111111112 0.3368055555555556 0.000925925925925926 0.001388888888888889
3 0.24675925925925926 0.33541666666666664 0.000925925925925926 0.001388888888888889
3 0.1935185185185185 0.32083333333333336 0.001851851851851852 0.002777777777777778
3 0.19027777777777777 0.3173611111111111 0.000925925925925926 0.001388888888888889
3 0.5115740740740741 0.48055555555555557 0.7416666666666667 0.4722222222222222