3 0.6717592592592593 0.5236111111111111 0.004629629629629629 0.002777777777777778
3 0.674537037037037 0.5215277777777778 0.000925925925925926 0.001388888888888889
3 0.6680555555555555 0.5215277777777778 0.000925925925925926 0.001388888888888889
3 0.6768518518518518 0.5166666666666667 0.001851851851851852 0.005555555555555556
3 0.6782407407407407 0.5104166666666666 0.000925925925925926 0.001388888888888889
3 0.6800925925925926 0.50625 0.000925925925925926 0.001388888888888889
3 0.6819444444444445 0.5048611111111111 0.000925925925925926 0.001388888888888889
3 0.6837962962962963 0.5034722222222222 0.000925925925925926 0.001388888888888889
3 0.6449074074074074 0.5215277777777778 0.04351851851851852 0.05416666666666667
3 0.6208333333333333 0.49375 0.002777777777777778 0.001388888888888889
3 0.6064814814814815 0.4909722222222222 0.001851851851851852 0.001388888888888889
3 0.5416666666666666 0.5618055555555556 0.7425925925925926 0.3819444444444444