2 0.3314814814814815 0.6666666666666666 0.1962962962962963 0.20833333333333334
2 0.6263888888888889 0.5597222222222222 0.03611111111111111 0.019444444444444445
2 0.7916666666666666 0.5520833333333334 0.025925925925925925 0.02638888888888889
2 0.5402777777777777 0.5451388888888888 0.08981481481481482 0.0375
2 0.6708333333333333 0.5027777777777778 0.03796296296296296 0.016666666666666666
2 0.4773148148148148 0.53125 0.09351851851851851 0.09305555555555556
2 0.7060185185185185 0.4888888888888889 0.03425925925925926 0.019444444444444445
2 0.6129629629629629 0.5034722222222222 0.005555555555555556 0.05138888888888889
3 0.5990740740740741 0.55 0.03148148148148148 0.044444444444444446
3 0.4842592592592593 0.5333333333333333 0.024074074074074074 0.019444444444444445
3 0.7560185185185185 0.46875 0.058333333333333334 0.08472222222222223
3 0.5643518518518519 0.4652777777777778 0.13055555555555556 0.07777777777777778