3 0.5541666666666667 0.48541666666666666 0.000925925925925926 0.001388888888888889
3 0.5532407407407407 0.4708333333333333 0.000925925925925926 0.005555555555555556
3 0.5523148148148148 0.45625 0.000925925925925926 0.009722222222222222
3 0.55 0.42569444444444443 0.003703703703703704 0.04861111111111111
3 0.5476851851851852 0.39444444444444443 0.000925925925925926 0.011111111111111112
3 0.5467592592592593 0.3819444444444444 0.000925925925925926 0.011111111111111112
3 0.5458333333333333 0.3701388888888889 0.000925925925925926 0.009722222222222222
3 0.5449074074074074 0.35833333333333334 0.000925925925925926 0.011111111111111112
3 0.5310185185185186 0.5520833333333334 0.11203703703703703 0.41805555555555557
3 0.5439814814814815 0.34652777777777777 0.000925925925925926 0.009722222222222222
3 0.5157407407407407 0.2652777777777778 0.1 0.14722222222222223