3 0.5990740740740741 0.54375 0.022222222222222223 0.004166666666666667
3 0.6856481481481481 0.5166666666666667 0.010185185185185186 0.002777777777777778
3 0.6763888888888889 0.5145833333333333 0.006481481481481481 0.001388888888888889
3 0.5685185185185185 0.5270833333333333 0.037037037037037035 0.029166666666666667
3 0.549537037037037 0.5104166666666666 0.000925925925925926 0.001388888888888889
3 0.5486111111111112 0.5076388888888889 0.000925925925925926 0.001388888888888889
3 0.5328703703703703 0.48125 0.000925925925925926 0.001388888888888889
3 0.5287037037037037 0.47638888888888886 0.001851851851851852 0.002777777777777778
3 0.5236111111111111 0.4701388888888889 0.002777777777777778 0.004166666666666667
3 0.5185185185185185 0.4638888888888889 0.003703703703703704 0.005555555555555556
3 0.5060185185185185 0.44375 0.002777777777777778 0.004166666666666667
3 0.5023148148148148 0.43680555555555556 0.002777777777777778 0.004166666666666667
3 0.3 0.46319444444444446 0.2222222222222222 0.28194444444444444
3 0.6444444444444445 0.36319444444444443 0.3148148148148148 0.17916666666666667