3 0.43657407407407406 0.6763888888888889 0.006481481481481481 0.025
3 0.4393518518518518 0.6506944444444445 0.000925925925925926 0.004166666666666667
3 0.44212962962962965 0.6180555555555556 0.000925925925925926 0.002777777777777778
3 0.44166666666666665 0.6076388888888888 0.001851851851851852 0.006944444444444444
3 0.4449074074074074 0.5881944444444445 0.004629629629629629 0.0125
3 0.4532407407407407 0.5597222222222222 0.000925925925925926 0.002777777777777778
3 0.45416666666666666 0.5541666666666667 0.000925925925925926 0.002777777777777778
3 0.4550925925925926 0.5493055555555556 0.000925925925925926 0.001388888888888889
3 0.45601851851851855 0.5451388888888888 0.000925925925925926 0.001388888888888889
3 0.46064814814814814 0.5145833333333333 0.002777777777777778 0.006944444444444444
3 0.4625 0.5090277777777777 0.000925925925925926 0.001388888888888889
3 0.46574074074074073 0.4930555555555556 0.001851851851851852 0.005555555555555556
3 0.46805555555555556 0.4791666666666667 0.000925925925925926 0.002777777777777778
3 0.47453703703703703 0.4354166666666667 0.008333333333333333 0.06527777777777778
3 0.4787037037037037 0.39652777777777776 0.001851851851851852 0.004166666666666667
3 0.4888888888888889 0.37569444444444444 0.001851851851851852 0.006944444444444444
3 0.49027777777777776 0.3701388888888889 0.000925925925925926 0.001388888888888889
3 0.4425925925925926 0.4701388888888889 0.08703703703703704 0.4708333333333333
3 0.49583333333333335 0.28680555555555554 0.017592592592592594 0.11527777777777778