3 0.25972222222222224 0.7194444444444444 0.4324074074074074 0.21944444444444444
3 0.30416666666666664 0.5381944444444444 0.000925925925925926 0.001388888888888889
3 0.3074074074074074 0.5368055555555555 0.001851851851851852 0.001388888888888889
3 0.3106481481481482 0.5354166666666667 0.000925925925925926 0.001388888888888889
3 0.3138888888888889 0.5340277777777778 0.001851851851851852 0.001388888888888889
3 0.3175925925925926 0.5326388888888889 0.001851851851851852 0.001388888888888889
3 0.3212962962962963 0.53125 0.001851851851851852 0.001388888888888889
3 0.325 0.5298611111111111 0.001851851851851852 0.001388888888888889
3 0.3287037037037037 0.5284722222222222 0.001851851851851852 0.001388888888888889
3 0.33240740740740743 0.5270833333333333 0.001851851851851852 0.001388888888888889
3 0.33564814814814814 0.5256944444444445 0.000925925925925926 0.001388888888888889
3 0.43194444444444446 0.5243055555555556 0.008333333333333333 0.001388888888888889
3 0.33935185185185185 0.5243055555555556 0.000925925925925926 0.001388888888888889
3 0.425462962962963 0.5229166666666667 0.000925925925925926 0.001388888888888889
3 0.34305555555555556 0.5229166666666667 0.000925925925925926 0.001388888888888889
3 0.42268518518518516 0.5215277777777778 0.000925925925925926 0.001388888888888889
3 0.34675925925925927 0.5215277777777778 0.000925925925925926 0.001388888888888889
3 0.47453703703703703 0.5201388888888889 0.000925925925925926 0.001388888888888889
3 0.4199074074074074 0.5201388888888889 0.000925925925925926 0.001388888888888889
3 0.350462962962963 0.5201388888888889 0.000925925925925926 0.001388888888888889
3 0.4842592592592593 0.51875 0.005555555555555556 0.001388888888888889
3 0.41712962962962963 0.51875 0.000925925925925926 0.001388888888888889
3 0.3541666666666667 0.51875 0.000925925925925926 0.001388888888888889
3 0.4935185185185185 0.5173611111111112 0.009259259259259259 0.001388888888888889
3 0.41388888888888886 0.5173611111111112 0.001851851851851852 0.001388888888888889
3 0.5050925925925925 0.5159722222222223 0.008333333333333333 0.001388888888888889
3 0.41064814814814815 0.5159722222222223 0.000925925925925926 0.001388888888888889
3 0.4078703703703704 0.5145833333333333 0.000925925925925926 0.001388888888888889
3 0.4050925925925926 0.5131944444444444 0.000925925925925926 0.001388888888888889
3 0.4023148148148148 0.5118055555555555 0.000925925925925926 0.001388888888888889
3 0.7550925925925925 0.6597222222222222 0.4898148148148148 0.35