3 0.9763888888888889 0.31319444444444444 0.000925925925925926 0.001388888888888889
3 0.44675925925925924 0.3229166666666667 0.021296296296296296 0.029166666666666667
3 0.31157407407407406 0.3194444444444444 0.07314814814814814 0.030555555555555555
3 0.23564814814814813 0.30972222222222223 0.026851851851851852 0.011111111111111112
3 0.9597222222222223 0.3020833333333333 0.000925925925925926 0.001388888888888889
3 0.1550925925925926 0.3090277777777778 0.041666666666666664 0.015277777777777777
3 0.07546296296296297 0.3541666666666667 0.15092592592592594 0.10555555555555556
3 0.9564814814814815 0.30069444444444443 0.001851851851851852 0.001388888888888889
3 0.9527777777777777 0.29930555555555555 0.001851851851851852 0.001388888888888889
3 0.95 0.29791666666666666 0.001851851851851852 0.001388888888888889
3 0.9365740740740741 0.2923611111111111 0.000925925925925926 0.001388888888888889
3 0.36064814814814816 0.26875 0.000925925925925926 0.001388888888888889
3 0.9236111111111112 0.2791666666666667 0.021296296296296296 0.025
3 0.36666666666666664 0.2659722222222222 0.001851851851851852 0.004166666666666667
3 0.9069444444444444 0.2611111111111111 0.01574074074074074 0.011111111111111112
3 0.2763888888888889 0.2534722222222222 0.000925925925925926 0.001388888888888889
3 0.4050925925925926 0.24930555555555556 0.000925925925925926 0.001388888888888889
3 0.12916666666666668 0.24930555555555556 0.000925925925925926 0.001388888888888889
3 0.31157407407407406 0.24930555555555556 0.002777777777777778 0.004166666666666667
3 0.1310185185185185 0.24791666666666667 0.000925925925925926 0.001388888888888889
3 0.11018518518518519 0.2465277777777778 0.003703703703703704 0.004166666666666667
3 0.13564814814814816 0.2423611111111111 0.002777777777777778 0.004166666666666667
3 0.22546296296296298 0.23819444444444443 0.032407407407407406 0.02361111111111111
3 0.17546296296296296 0.2361111111111111 0.062037037037037036 0.022222222222222223
3 0.4185185185185185 0.23958333333333334 0.022222222222222223 0.034722222222222224
3 0.05 0.24513888888888888 0.1 0.04861111111111111
3 0.9583333333333334 0.3194444444444444 0.08333333333333333 0.20555555555555555
3 0.38564814814814813 0.32430555555555557 0.42314814814814816 0.23194444444444445