3 0.3587962962962963 0.86875 0.000925925925925926 0.001388888888888889
3 0.45925925925925926 0.8708333333333333 0.012962962962962963 0.016666666666666666
3 0.4689814814814815 0.8548611111111111 0.000925925925925926 0.001388888888888889
3 0.38842592592592595 0.8534722222222222 0.000925925925925926 0.001388888888888889
3 0.4699074074074074 0.8520833333333333 0.000925925925925926 0.001388888888888889
3 0.4726851851851852 0.8451388888888889 0.000925925925925926 0.001388888888888889
3 0.3449074074074074 0.7340277777777777 0.004629629629629629 0.004166666666666667
3 0.3541666666666667 0.7284722222222222 0.000925925925925926 0.001388888888888889
3 0.4393518518518518 0.7090277777777778 0.008333333333333333 0.009722222222222222
3 0.4935185185185185 0.7736111111111111 0.06296296296296296 0.14722222222222223
3 0.5888888888888889 0.6979166666666666 0.001851851851851852 0.001388888888888889
3 0.5861111111111111 0.6965277777777777 0.001851851851851852 0.001388888888888889
3 0.5833333333333334 0.6951388888888889 0.001851851851851852 0.001388888888888889
3 0.5805555555555556 0.69375 0.001851851851851852 0.001388888888888889
3 0.5777777777777777 0.6923611111111111 0.001851851851851852 0.001388888888888889
3 0.575 0.6909722222222222 0.001851851851851852 0.001388888888888889
3 0.5722222222222222 0.6895833333333333 0.001851851851851852 0.001388888888888889
3 0.3347222222222222 0.7722222222222223 0.03425925925925926 0.16666666666666666
3 0.638425925925926 0.6840277777777778 0.000925925925925926 0.001388888888888889
3 0.6402777777777777 0.6826388888888889 0.000925925925925926 0.001388888888888889
3 0.4166666666666667 0.75625 0.07962962962962963 0.19305555555555556
3 0.36712962962962964 0.6791666666666667 0.03981481481481482 0.09444444444444444
3 0.6736111111111112 0.6159722222222223 0.000925925925925926 0.001388888888888889
3 0.34675925925925927 0.6472222222222223 0.028703703703703703 0.08611111111111111
3 0.35138888888888886 0.59375 0.000925925925925926 0.001388888888888889
3 0.3587962962962963 0.5875 0.012037037037037037 0.011111111111111112
3 0.3861111111111111 0.5444444444444444 0.003703703703703704 0.005555555555555556
3 0.3925925925925926 0.5333333333333333 0.001851851851851852 0.002777777777777778
3 0.3958333333333333 0.5180555555555556 0.000925925925925926 0.008333333333333333
3 0.39675925925925926 0.4826388888888889 0.002777777777777778 0.009722222222222222
3 0.39675925925925926 0.4666666666666667 0.000925925925925926 0.011111111111111112
3 0.3976851851851852 0.4576388888888889 0.000925925925925926 0.001388888888888889
3 0.5175925925925926 0.69375 0.3148148148148148 0.4791666666666667
3 0.6625 0.45208333333333334 0.000925925925925926 0.001388888888888889
3 0.6481481481481481 0.45416666666666666 0.014814814814814815 0.016666666666666666
3 0.6648148148148149 0.4444444444444444 0.003703703703703704 0.011111111111111112
3 0.5666666666666667 0.5506944444444445 0.09074074074074075 0.24027777777777778
3 0.5884259259259259 0.42291666666666666 0.012037037037037037 0.009722222222222222
3 0.5046296296296297 0.5097222222222222 0.11851851851851852 0.25555555555555554
3 0.4217592592592593 0.36875 0.006481481481481481 0.02638888888888889
3 0.5486111111111112 0.35347222222222224 0.008333333333333333 0.004166666666666667
3 0.4217592592592593 0.3506944444444444 0.000925925925925926 0.001388888888888889
3 0.6578703703703703 0.3770833333333333 0.012037037037037037 0.0625
3 0.6587962962962963 0.3451388888888889 0.000925925925925926 0.001388888888888889
3 0.6606481481481481 0.34375 0.000925925925925926 0.001388888888888889
3 0.4324074074074074 0.46875 0.09444444444444444 0.25972222222222224
3 0.4300925925925926 0.3375 0.01574074074074074 0.022222222222222223
3 0.6222222222222222 0.31180555555555556 0.011111111111111112 0.018055555555555554
3 0.4425925925925926 0.2902777777777778 0.001851851851851852 0.011111111111111112
3 0.44583333333333336 0.26944444444444443 0.006481481481481481 0.011111111111111112
3 0.5675925925925925 0.26458333333333334 0.009259259259259259 0.0125
3 0.4513888888888889 0.2590277777777778 0.000925925925925926 0.001388888888888889
3 0.45092592592592595 0.24166666666666667 0.009259259259259259 0.022222222222222223
3 0.45694444444444443 0.20902777777777778 0.000925925925925926 0.001388888888888889
3 0.4962962962962963 0.2520833333333333 0.06666666666666667 0.14027777777777778
3 0.5162037037037037 0.18055555555555555 0.013888888888888888 0.013888888888888888
3 0.6074074074074074 0.2673611111111111 0.13333333333333333 0.2569444444444444
3 0.5939814814814814 0.13819444444444445 0.010185185185185186 0.001388888888888889
3 0.586574074074074 0.13680555555555557 0.000925925925925926 0.001388888888888889
3 0.5837962962962963 0.13541666666666666 0.000925925925925926 0.001388888888888889
3 0.5810185185185185 0.13402777777777777 0.000925925925925926 0.001388888888888889
3 0.5782407407407407 0.1326388888888889 0.000925925925925926 0.001388888888888889
3 0.45092592592592595 0.16527777777777777 0.011111111111111112 0.08333333333333333
3 0.4587962962962963 0.12152777777777778 0.002777777777777778 0.004166666666666667
3 0.4634259259259259 0.11597222222222223 0.000925925925925926 0.001388888888888889
3 0.5615740740740741 0.11875 0.004629629629629629 0.0125
3 0.475462962962963 0.10208333333333333 0.000925925925925926 0.001388888888888889
3 0.4791666666666667 0.09791666666666667 0.000925925925925926 0.001388888888888889
3 0.48194444444444445 0.09513888888888888 0.000925925925925926 0.001388888888888889
3 0.48564814814814816 0.09375 0.000925925925925926 0.001388888888888889
3 0.5342592592592592 0.13958333333333334 0.046296296296296294 0.1125