2 0.37777777777777777 0.9520833333333333 0.03148148148148148 0.09583333333333334
2 0.35 0.8583333333333333 0.024074074074074074 0.08055555555555556
2 0.20462962962962963 0.41875 0.07407407407407407 0.21805555555555556
3 0.6504629629629629 0.9743055555555555 0.006481481481481481 0.04861111111111111
3 0.6513888888888889 0.9479166666666666 0.000925925925925926 0.001388888888888889
3 0.325 0.79375 0.025925925925925925 0.05694444444444444
3 0.2726851851851852 0.6756944444444445 0.008333333333333333 0.001388888888888889
3 0.2671296296296296 0.6743055555555556 0.000925925925925926 0.001388888888888889
3 0.2652777777777778 0.6729166666666667 0.000925925925925926 0.001388888888888889
3 0.26064814814814813 0.6701388888888888 0.000925925925925926 0.001388888888888889
3 0.2523148148148148 0.6645833333333333 0.000925925925925926 0.001388888888888889
3 0.24768518518518517 0.6618055555555555 0.006481481481481481 0.004166666666666667
3 0.24212962962962964 0.6590277777777778 0.000925925925925926 0.001388888888888889
3 0.2847222222222222 0.6555555555555556 0.000925925925925926 0.005555555555555556
3 0.4791666666666667 0.7569444444444444 0.3527777777777778 0.2861111111111111
3 0.21898148148148147 0.60625 0.008333333333333333 0.006944444444444444
3 0.2273148148148148 0.5972222222222222 0.008333333333333333 0.005555555555555556
3 0.7587962962962963 0.7944444444444444 0.19722222222222222 0.4111111111111111
3 0.26990740740740743 0.5868055555555556 0.002777777777777778 0.001388888888888889
3 0.31851851851851853 0.5840277777777778 0.009259259259259259 0.001388888888888889
3 0.2851851851851852 0.5847222222222223 0.025925925925925925 0.002777777777777778
3 0.8342592592592593 0.6097222222222223 0.024074074074074074 0.06388888888888888
3 0.36527777777777776 0.5770833333333333 0.000925925925925926 0.001388888888888889
3 0.3712962962962963 0.5756944444444444 0.001851851851851852 0.001388888888888889
3 0.37777777777777777 0.5743055555555555 0.003703703703703704 0.001388888888888889
3 0.8078703703703703 0.5645833333333333 0.000925925925925926 0.001388888888888889
3 0.7875 0.54375 0.03796296296296296 0.04027777777777778
3 0.7564814814814815 0.5104166666666666 0.005555555555555556 0.006944444444444444
3 0.1550925925925926 0.5861111111111111 0.0787037037037037 0.19722222222222222
3 0.5666666666666667 0.51875 0.37037037037037035 0.1625
3 0.25601851851851853 0.15833333333333333 0.058333333333333334 0.31666666666666665