2 0.39814814814814814 0.7229166666666667 0.053703703703703705 0.07361111111111111
2 0.32037037037037036 0.6013888888888889 0.09444444444444444 0.18055555555555555
3 0.5370370370370371 0.9993055555555556 0.020370370370370372 0.001388888888888889
3 0.5277777777777778 0.9541666666666667 0.022222222222222223 0.06111111111111111
3 0.5486111111111112 0.9236111111111112 0.004629629629629629 0.008333333333333333
3 0.5337962962962963 0.9111111111111111 0.017592592592592594 0.008333333333333333
3 0.6754629629629629 0.8604166666666667 0.000925925925925926 0.001388888888888889
3 0.6763888888888889 0.8513888888888889 0.000925925925925926 0.002777777777777778
3 0.6773148148148148 0.8416666666666667 0.000925925925925926 0.005555555555555556
3 0.6782407407407407 0.8319444444444445 0.000925925925925926 0.005555555555555556
3 0.6791666666666667 0.8222222222222222 0.000925925925925926 0.008333333333333333
3 0.5416666666666666 0.8645833333333334 0.025925925925925925 0.09583333333333334
3 0.6824074074074075 0.7916666666666666 0.005555555555555556 0.05
3 0.6856481481481481 0.7611111111111111 0.000925925925925926 0.005555555555555556
3 0.6865740740740741 0.7527777777777778 0.000925925925925926 0.005555555555555556
3 0.6875 0.7451388888888889 0.000925925925925926 0.004166666666666667
3 0.6884259259259259 0.7361111111111112 0.000925925925925926 0.002777777777777778
3 0.6893518518518519 0.7277777777777777 0.000925925925925926 0.002777777777777778
3 0.6902777777777778 0.7194444444444444 0.000925925925925926 0.002777777777777778
3 0.6925925925925925 0.7111111111111111 0.003703703703703704 0.008333333333333333
3 0.5907407407407408 0.7736111111111111 0.046296296296296294 0.18055555555555555
3 0.6143518518518518 0.6826388888888889 0.000925925925925926 0.004166666666666667
3 0.611574074074074 0.6736111111111112 0.010185185185185186 0.011111111111111112
3 0.700462962962963 0.6604166666666667 0.004629629629629629 0.0125
3 0.7055555555555556 0.6236111111111111 0.007407407407407408 0.022222222222222223
3 0.6726851851851852 0.5576388888888889 0.000925925925925926 0.001388888888888889
3 0.6370370370370371 0.5104166666666666 0.009259259259259259 0.001388888888888889
3 0.6486111111111111 0.5090277777777777 0.004629629629629629 0.001388888888888889
3 0.6587962962962963 0.5076388888888889 0.002777777777777778 0.001388888888888889
3 0.6671296296296296 0.50625 0.004629629629629629 0.001388888888888889
3 0.6648148148148149 0.5694444444444444 0.027777777777777776 0.13333333333333333
3 0.5689814814814815 0.6333333333333333 0.05462962962962963 0.2611111111111111
3 0.5546296296296296 0.5020833333333333 0.001851851851851852 0.001388888888888889
3 0.6314814814814815 0.49444444444444446 0.06851851851851852 0.044444444444444446
3 0.6907407407407408 0.7194444444444444 0.27037037037037037 0.5611111111111111
3 0.7523148148148148 0.4027777777777778 0.462037037037037 0.8027777777777778
3 0.37962962962962965 0.5006944444444444 0.30185185185185187 0.9986111111111111