2 0.6555555555555556 0.31319444444444444 0.012962962962962963 0.13194444444444445
3 0.4689814814814815 0.8270833333333333 0.000925925925925926 0.001388888888888889
3 0.41574074074074074 0.80625 0.29074074074074074 0.2263888888888889
3 0.500462962962963 0.5923611111111111 0.000925925925925926 0.001388888888888889
3 0.49444444444444446 0.5909722222222222 0.001851851851851852 0.001388888888888889
3 0.48842592592592593 0.5895833333333333 0.002777777777777778 0.001388888888888889
3 0.4828703703703704 0.5881944444444445 0.002777777777777778 0.001388888888888889
3 0.47685185185185186 0.5868055555555556 0.003703703703703704 0.001388888888888889
3 0.4703703703703704 0.5854166666666667 0.003703703703703704 0.001388888888888889
3 0.46435185185185185 0.5840277777777778 0.004629629629629629 0.001388888888888889
3 0.45787037037037037 0.5826388888888889 0.004629629629629629 0.001388888888888889
3 0.45046296296296295 0.58125 0.004629629629629629 0.001388888888888889
3 0.4425925925925926 0.5798611111111112 0.003703703703703704 0.001388888888888889
3 0.4351851851851852 0.5784722222222223 0.003703703703703704 0.001388888888888889
3 0.4273148148148148 0.5770833333333333 0.002777777777777778 0.001388888888888889
3 0.41944444444444445 0.5756944444444444 0.001851851851851852 0.001388888888888889
3 0.40555555555555556 0.5805555555555556 0.018518518518518517 0.025
3 0.2652777777777778 0.5909722222222222 0.1787037037037037 0.10138888888888889
3 0.3597222222222222 0.5118055555555555 0.000925925925925926 0.001388888888888889
3 0.5157407407407407 0.5048611111111111 0.36666666666666664 0.49027777777777776