2 0.06111111111111111 0.5520833333333334 0.027777777777777776 0.0375
2 0.08333333333333333 0.5222222222222223 0.022222222222222223 0.06666666666666667
2 0.10324074074074074 0.4409722222222222 0.03981481481481482 0.03194444444444444
2 0.350462962962963 0.43680555555555556 0.075 0.18472222222222223
2 0.3023148148148148 0.32708333333333334 0.012037037037037037 0.009722222222222222
2 0.2833333333333333 0.21180555555555555 0.046296296296296294 0.020833333333333332
2 0.1986111111111111 0.27569444444444446 0.16574074074074074 0.29583333333333334
2 0.15555555555555556 0.06458333333333334 0.07222222222222222 0.12916666666666668
3 0.9337962962962963 0.9784722222222222 0.13240740740740742 0.043055555555555555
3 0.19537037037037036 0.9743055555555555 0.0962962962962963 0.05138888888888889
3 0.6166666666666667 0.84375 0.45555555555555555 0.3125
3 0.0412037037037037 0.3090277777777778 0.01574074074074074 0.07916666666666666
3 0.23287037037037037 0.09166666666666666 0.05277777777777778 0.09444444444444444