2 0.6462962962962963 0.5861111111111111 0.027777777777777776 0.17222222222222222
2 0.6884259259259259 0.48055555555555557 0.05462962962962963 0.030555555555555555
3 0.33425925925925926 0.6972222222222222 0.05185185185185185 0.016666666666666666
3 0.10972222222222222 0.6881944444444444 0.002777777777777778 0.001388888888888889
3 0.2361111111111111 0.6854166666666667 0.005555555555555556 0.001388888888888889
3 0.12175925925925926 0.6861111111111111 0.012037037037037037 0.002777777777777778
3 0.2439814814814815 0.6840277777777778 0.000925925925925926 0.001388888888888889
3 0.13148148148148148 0.6840277777777778 0.003703703703703704 0.001388888888888889
3 0.13703703703703704 0.6826388888888889 0.001851851851851852 0.001388888888888889
3 0.17731481481481481 0.6819444444444445 0.03796296296296296 0.005555555555555556
3 0.5 0.7083333333333334 1.0 0.14722222222222223