2 0.9629629629629629 0.4875 0.07407407407407407 0.022222222222222223
2 0.8453703703703703 0.48680555555555555 0.13703703703703704 0.05138888888888889
2 0.6953703703703704 0.4361111111111111 0.1648148148148148 0.03888888888888889
3 0.27361111111111114 0.9534722222222223 0.27870370370370373 0.09027777777777778
3 0.7023148148148148 0.6604166666666667 0.04351851851851852 0.09583333333333334
3 0.6606481481481481 0.5819444444444445 0.03611111111111111 0.04722222222222222
3 0.26435185185185184 0.5090277777777777 0.000925925925925926 0.001388888888888889
3 0.2902777777777778 0.5048611111111111 0.000925925925925926 0.001388888888888889
3 0.29212962962962963 0.5034722222222222 0.000925925925925926 0.001388888888888889
3 0.29398148148148145 0.5020833333333333 0.000925925925925926 0.001388888888888889
3 0.29583333333333334 0.5006944444444444 0.000925925925925926 0.001388888888888889
3 0.4513888888888889 0.49930555555555556 0.000925925925925926 0.001388888888888889
3 0.3537037037037037 0.49930555555555556 0.027777777777777776 0.001388888888888889
3 0.29768518518518516 0.49930555555555556 0.000925925925925926 0.001388888888888889
3 0.45694444444444443 0.4979166666666667 0.000925925925925926 0.001388888888888889
3 0.3199074074074074 0.4979166666666667 0.012037037037037037 0.001388888888888889
3 0.29953703703703705 0.4979166666666667 0.000925925925925926 0.001388888888888889
3 0.2662037037037037 0.6243055555555556 0.5324074074074074 0.2902777777777778
3 0.6365740740740741 0.5048611111111111 0.012037037037037037 0.05694444444444444
3 0.6259259259259259 0.46805555555555556 0.003703703703703704 0.005555555555555556
3 0.5504629629629629 0.45069444444444445 0.000925925925925926 0.001388888888888889
3 0.5486111111111112 0.44930555555555557 0.000925925925925926 0.001388888888888889
3 0.5462962962962963 0.4479166666666667 0.001851851851851852 0.001388888888888889
3 0.43425925925925923 0.22291666666666668 0.8685185185185185 0.44583333333333336