3 0.2689814814814815 0.6618055555555555 0.000925925925925926 0.001388888888888889
3 0.6472222222222223 0.6236111111111111 0.001851851851851852 0.002777777777777778
3 0.6717592592592593 0.6215277777777778 0.000925925925925926 0.001388888888888889
3 0.6990740740740741 0.625 0.016666666666666666 0.016666666666666666
3 0.6527777777777778 0.6166666666666667 0.001851851851851852 0.002777777777777778
3 0.6550925925925926 0.6145833333333334 0.000925925925925926 0.001388888888888889
3 0.3189814814814815 0.5756944444444444 0.000925925925925926 0.001388888888888889
3 0.3458333333333333 0.5715277777777777 0.000925925925925926 0.001388888888888889
3 0.3138888888888889 0.5729166666666666 0.007407407407407408 0.004166666666666667
3 0.3509259259259259 0.5701388888888889 0.001851851851851852 0.001388888888888889
3 0.35555555555555557 0.56875 0.001851851851851852 0.001388888888888889
3 0.36018518518518516 0.5673611111111111 0.001851851851851852 0.001388888888888889
3 0.36527777777777776 0.5659722222222222 0.002777777777777778 0.001388888888888889
3 0.3699074074074074 0.5645833333333333 0.002777777777777778 0.001388888888888889
3 0.375 0.5631944444444444 0.003703703703703704 0.001388888888888889
3 0.37962962962962965 0.5618055555555556 0.003703703703703704 0.001388888888888889
3 0.38472222222222224 0.5604166666666667 0.004629629629629629 0.001388888888888889
3 0.38981481481481484 0.5590277777777778 0.003703703703703704 0.001388888888888889
3 0.39444444444444443 0.5576388888888889 0.003703703703703704 0.001388888888888889
3 0.42916666666666664 0.5534722222222223 0.000925925925925926 0.001388888888888889
3 0.4125 0.5534722222222223 0.030555555555555555 0.006944444444444444
3 0.38657407407407407 0.7263888888888889 0.7712962962962963 0.45555555555555555
3 0.600925925925926 0.3770833333333333 0.1648148148148148 0.2125
3 0.6689814814814815 0.26875 0.002777777777777778 0.004166666666666667
3 0.6717592592592593 0.2659722222222222 0.000925925925925926 0.001388888888888889
3 0.6736111111111112 0.26458333333333334 0.000925925925925926 0.001388888888888889
3 0.6763888888888889 0.26319444444444445 0.000925925925925926 0.001388888888888889
3 0.6791666666666667 0.26180555555555557 0.000925925925925926 0.001388888888888889
3 0.6819444444444445 0.2604166666666667 0.000925925925925926 0.001388888888888889
3 0.7513888888888889 0.31875 0.41759259259259257 0.6375