3 0.6300925925925925 0.64375 0.000925925925925926 0.001388888888888889
3 0.5597222222222222 0.7229166666666667 0.23425925925925925 0.1625
3 0.45601851851851855 0.6131944444444445 0.000925925925925926 0.001388888888888889
3 0.41435185185185186 0.59375 0.008333333333333333 0.009722222222222222
3 0.5421296296296296 0.6173611111111111 0.1712962962962963 0.0625
3 0.3685185185185185 0.5756944444444444 0.005555555555555556 0.006944444444444444
3 0.39537037037037037 0.5791666666666667 0.027777777777777776 0.019444444444444445
3 0.37824074074074077 0.5673611111111111 0.000925925925925926 0.001388888888888889
3 0.362962962962963 0.5673611111111111 0.005555555555555556 0.004166666666666667
3 0.35555555555555557 0.5645833333333333 0.003703703703703704 0.001388888888888889
3 0.32222222222222224 0.55625 0.001851851851851852 0.001388888888888889
3 0.32546296296296295 0.5548611111111111 0.000925925925925926 0.001388888888888889
3 0.3398148148148148 0.5604166666666667 0.020370370370370372 0.015277777777777777
3 0.25462962962962965 0.55 0.003703703703703704 0.002777777777777778
3 0.25046296296296294 0.5479166666666667 0.000925925925925926 0.001388888888888889
3 0.30787037037037035 0.6152777777777778 0.23425925925925925 0.1388888888888889
3 0.30925925925925923 0.5513888888888889 0.022222222222222223 0.013888888888888888
3 0.2791666666666667 0.5451388888888888 0.000925925925925926 0.001388888888888889
3 0.28888888888888886 0.5451388888888888 0.003703703703703704 0.004166666666666667
3 0.19490740740740742 0.5430555555555555 0.000925925925925926 0.002777777777777778
3 0.2675925925925926 0.5368055555555555 0.001851851851851852 0.001388888888888889
3 0.24444444444444444 0.5354166666666667 0.001851851851851852 0.004166666666666667
3 0.22962962962962963 0.5298611111111111 0.001851851851851852 0.001388888888888889
3 0.2587962962962963 0.5284722222222222 0.013888888888888888 0.015277777777777777
3 0.21712962962962962 0.5236111111111111 0.021296296296296296 0.016666666666666666
3 0.2050925925925926 0.5145833333333333 0.000925925925925926 0.001388888888888889
3 0.2013888888888889 0.51875 0.004629629629629629 0.0125