3 0.5467592592592593 0.19930555555555557 0.000925925925925926 0.001388888888888889
3 0.5486111111111112 0.19791666666666666 0.000925925925925926 0.001388888888888889
3 0.5504629629629629 0.19652777777777777 0.000925925925925926 0.001388888888888889
3 0.5523148148148148 0.1951388888888889 0.000925925925925926 0.001388888888888889
3 0.5546296296296296 0.19375 0.001851851851851852 0.001388888888888889
3 0.5050925925925925 0.19236111111111112 0.000925925925925926 0.001388888888888889
3 0.5041666666666667 0.18819444444444444 0.000925925925925926 0.001388888888888889
3 0.5023148148148148 0.17777777777777778 0.000925925925925926 0.002777777777777778
3 0.4981481481481482 0.1638888888888889 0.007407407407407408 0.022222222222222223
3 0.48842592592592593 0.1076388888888889 0.000925925925925926 0.001388888888888889
3 0.4875 0.10347222222222222 0.000925925925925926 0.004166666666666667
3 0.49675925925925923 0.049305555555555554 0.019444444444444445 0.09583333333333334
3 0.5569444444444445 0.5 0.5212962962962963 1.0