3 0.12731481481481483 0.7256944444444444 0.000925925925925926 0.001388888888888889
3 0.12638888888888888 0.7152777777777778 0.000925925925925926 0.002777777777777778
3 0.7490740740740741 0.7590277777777777 0.011111111111111112 0.11805555555555555
3 0.750462962962963 0.6916666666666667 0.000925925925925926 0.005555555555555556
3 0.700462962962963 0.7479166666666667 0.06574074074074074 0.15416666666666667
3 0.7518518518518519 0.6736111111111112 0.001851851851851852 0.008333333333333333
3 0.7087962962962963 0.5645833333333333 0.06574074074074074 0.20694444444444443
3 0.7615740740740741 0.5597222222222222 0.017592592592592594 0.2
3 0.7708333333333334 0.4479166666666667 0.000925925925925926 0.001388888888888889
3 0.7699074074074074 0.4423611111111111 0.000925925925925926 0.001388888888888889
3 0.7689814814814815 0.43680555555555556 0.000925925925925926 0.001388888888888889
3 0.7152777777777778 0.34930555555555554 0.07314814814814814 0.18194444444444444
3 0.6388888888888888 0.3548611111111111 0.07222222222222222 0.19583333333333333
3 0.7208333333333333 0.24305555555555555 0.062037037037037036 0.013888888888888888
3 0.6842592592592592 0.13402777777777777 0.1574074074074074 0.23194444444444445
3 0.774074074074074 0.21875 0.046296296296296294 0.43194444444444446
3 0.6981481481481482 0.0020833333333333333 0.003703703703703704 0.001388888888888889
3 0.38287037037037036 0.49444444444444446 0.7416666666666667 0.9888888888888889