3 0.4912037037037037 0.4840277777777778 0.000925925925925926 0.001388888888888889
3 0.4462962962962963 0.4847222222222222 0.009259259259259259 0.002777777777777778
3 0.4537037037037037 0.4826388888888889 0.001851851851851852 0.001388888888888889
3 0.425462962962963 0.4826388888888889 0.000925925925925926 0.001388888888888889
3 0.45787037037037037 0.48125 0.000925925925925926 0.001388888888888889
3 0.4236111111111111 0.48125 0.000925925925925926 0.001388888888888889
3 0.4837962962962963 0.4798611111111111 0.004629629629629629 0.001388888888888889
3 0.4217592592592593 0.4798611111111111 0.000925925925925926 0.001388888888888889
3 0.4199074074074074 0.47847222222222224 0.000925925925925926 0.001388888888888889
3 0.4148148148148148 0.46458333333333335 0.003703703703703704 0.001388888888888889
3 0.4074074074074074 0.4548611111111111 0.003703703703703704 0.006944444444444444
3 0.40370370370370373 0.45069444444444445 0.001851851851851852 0.001388888888888889
3 0.40046296296296297 0.4486111111111111 0.002777777777777778 0.002777777777777778
3 0.39861111111111114 0.44513888888888886 0.000925925925925926 0.001388888888888889
3 0.3976851851851852 0.4423611111111111 0.000925925925925926 0.001388888888888889
3 0.39675925925925926 0.43680555555555556 0.000925925925925926 0.001388888888888889
3 0.5120370370370371 0.4236111111111111 0.1925925925925926 0.1527777777777778