3 0.625462962962963 0.8798611111111111 0.000925925925925926 0.001388888888888889
3 0.6310185185185185 0.8784722222222222 0.000925925925925926 0.001388888888888889
3 0.6199074074074075 0.8784722222222222 0.000925925925925926 0.001388888888888889
3 0.6370370370370371 0.8770833333333333 0.001851851851851852 0.001388888888888889
3 0.612037037037037 0.8798611111111111 0.009259259259259259 0.006944444444444444
3 0.6458333333333334 0.8708333333333333 0.008333333333333333 0.011111111111111112
3 0.6513888888888889 0.8645833333333334 0.000925925925925926 0.001388888888888889
3 0.6532407407407408 0.8631944444444445 0.000925925925925926 0.001388888888888889
3 0.6550925925925926 0.8618055555555556 0.000925925925925926 0.001388888888888889
3 0.6569444444444444 0.8604166666666667 0.000925925925925926 0.001388888888888889
3 0.6587962962962963 0.8590277777777777 0.000925925925925926 0.001388888888888889
3 0.6324074074074074 0.5888888888888889 0.48703703703703705 0.8222222222222222
3 0.6018518518518519 0.14652777777777778 0.45185185185185184 0.29305555555555557