2 0.7296296296296296 0.1798611111111111 0.05925925925925926 0.034722222222222224
2 0.9851851851851852 0.1111111111111111 0.007407407407407408 0.008333333333333333
2 0.8777777777777778 0.12777777777777777 0.2074074074074074 0.041666666666666664
2 0.9962962962962963 0.10486111111111111 0.007407407407407408 0.006944444444444444
2 0.6731481481481482 0.5333333333333333 0.49074074074074076 0.9333333333333333
3 0.6884259259259259 0.64375 0.08425925925925926 0.10416666666666667
3 0.6356481481481482 0.49166666666666664 0.06388888888888888 0.07222222222222222
3 0.7189814814814814 0.43333333333333335 0.05277777777777778 0.24444444444444444
3 0.4847222222222222 0.2611111111111111 0.06388888888888888 0.18611111111111112
3 0.6828703703703703 0.12361111111111112 0.175 0.075
3 0.41898148148148145 0.1 0.375 0.2