3 0.8726851851851852 0.6715277777777777 0.002777777777777778 0.001388888888888889
3 0.8787037037037037 0.6701388888888888 0.001851851851851852 0.001388888888888889
3 0.8699074074074075 0.6701388888888888 0.000925925925925926 0.001388888888888889
3 0.8939814814814815 0.66875 0.008333333333333333 0.001388888888888889
3 0.8680555555555556 0.66875 0.000925925925925926 0.001388888888888889
3 0.9912037037037037 0.6694444444444444 0.017592592592592594 0.005555555555555556
3 0.975925925925926 0.6673611111111111 0.003703703703703704 0.001388888888888889
3 0.9699074074074074 0.6680555555555555 0.006481481481481481 0.002777777777777778
3 0.9268518518518518 0.6673611111111111 0.001851851851851852 0.001388888888888889
3 0.9009259259259259 0.6673611111111111 0.001851851851851852 0.001388888888888889
3 0.8662037037037037 0.6673611111111111 0.000925925925925926 0.001388888888888889
3 0.7560185185185185 0.6673611111111111 0.000925925925925926 0.001388888888888889
3 0.9638888888888889 0.6659722222222222 0.001851851851851852 0.001388888888888889
3 0.9300925925925926 0.6659722222222222 0.000925925925925926 0.001388888888888889
3 0.8643518518518518 0.6659722222222222 0.000925925925925926 0.001388888888888889
3 0.37175925925925923 0.6618055555555555 0.004629629629629629 0.001388888888888889
3 0.5944444444444444 0.6611111111111111 0.005555555555555556 0.002777777777777778
3 0.43194444444444446 0.6604166666666667 0.000925925925925926 0.001388888888888889
3 0.3773148148148148 0.6604166666666667 0.002777777777777778 0.001388888888888889
3 0.5893518518518519 0.6590277777777778 0.000925925925925926 0.001388888888888889
3 0.4337962962962963 0.6590277777777778 0.000925925925925926 0.001388888888888889
3 0.38472222222222224 0.6576388888888889 0.004629629629629629 0.004166666666666667
3 0.38981481481481484 0.6534722222222222 0.001851851851851852 0.001388888888888889
3 0.2337962962962963 0.6291666666666667 0.4305555555555556 0.3416666666666667
3 0.7555555555555555 0.5354166666666667 0.4888888888888889 0.24583333333333332
3 0.5 0.3263888888888889 1.0 0.10555555555555556