3 0.5995370370370371 0.5395833333333333 0.000925925925925926 0.001388888888888889
3 0.5361111111111111 0.5430555555555555 0.04259259259259259 0.008333333333333333
3 0.5930555555555556 0.5368055555555555 0.000925925925925926 0.001388888888888889
3 0.5106481481481482 0.5319444444444444 0.006481481481481481 0.008333333333333333
3 0.5055555555555555 0.5263888888888889 0.001851851851851852 0.002777777777777778
3 0.5023148148148148 0.5229166666666667 0.000925925925925926 0.001388888888888889
3 0.49583333333333335 0.5173611111111112 0.000925925925925926 0.001388888888888889
3 0.49212962962962964 0.5159722222222223 0.000925925925925926 0.001388888888888889
3 0.487962962962963 0.5145833333333333 0.001851851851851852 0.001388888888888889
3 0.4837962962962963 0.5131944444444444 0.002777777777777778 0.001388888888888889
3 0.8009259259259259 0.7305555555555555 0.39814814814814814 0.5361111111111111
3 0.41435185185185186 0.2611111111111111 0.000925925925925926 0.002777777777777778
3 0.4134259259259259 0.25555555555555554 0.000925925925925926 0.002777777777777778
3 0.4125 0.25069444444444444 0.000925925925925926 0.001388888888888889
3 0.6893518518518519 0.25625 0.6212962962962963 0.5125