2 0.7842592592592592 0.9006944444444445 0.05925925925925926 0.043055555555555555
2 0.5412037037037037 0.6305555555555555 0.01574074074074074 0.09444444444444444
2 0.5125 0.5479166666666667 0.04722222222222222 0.043055555555555555
2 0.2800925925925926 0.3013888888888889 0.012037037037037037 0.022222222222222223
2 0.22083333333333333 0.14375 0.11203703703703703 0.2875
3 0.29398148148148145 0.8576388888888888 0.000925925925925926 0.001388888888888889
3 0.29305555555555557 0.8548611111111111 0.000925925925925926 0.001388888888888889
3 0.2800925925925926 0.8145833333333333 0.000925925925925926 0.001388888888888889
3 0.24305555555555555 0.7159722222222222 0.000925925925925926 0.001388888888888889
3 0.24212962962962964 0.7131944444444445 0.000925925925925926 0.001388888888888889
3 0.2412037037037037 0.7104166666666667 0.000925925925925926 0.001388888888888889
3 0.24027777777777778 0.7076388888888889 0.000925925925925926 0.001388888888888889
3 0.23935185185185184 0.7048611111111112 0.000925925925925926 0.001388888888888889
3 0.29259259259259257 0.35694444444444445 0.005555555555555556 0.025
3 0.5425925925925926 0.5 0.6925925925925925 1.0